Horizontal-Spectrum-NTC - Comune Norcia (PG) - SLV q=4 VR=50 Suolo=B Topo=T4 h/H=1 (4)
Time (s)      Acc. (m/s^2)
0             -8.29078877228312E-03
0.01          -7.21945381199475E-03
0.02          -6.54907453455962E-03
0.03          -6.89545925008133E-03
0.04          -8.39630132191815E-03
0.05          -1.07933513901662E-02
0.06          -1.36522801034153E-02
0.07          -1.65551303140819E-02
0.08          -1.91767317359336E-02
0.09          -2.12642539618537E-02
9.999999E-02  -2.25995615869761E-02
0.11          -2.30144146853127E-02
0.12          -0.022473556373734
0.13          -2.11801522714086E-02
0.14          -0.019622990777716
0.15          -1.84902400674764E-02
0.16          -1.84268457430881E-02
0.17          -1.96985386312008E-02
0.18          -2.19098505238071E-02
0.19          -2.39524314156733E-02
0.2           -2.42898614401929E-02
0.21          -2.15219151740894E-02
0.22          -1.49943268729839E-02
0.23          -5.15142896678299E-03
0.24          0.00655724921613
0.25          1.81574889575131E-02
0.26          2.77459793072194E-02
0.27          3.39128891914152E-02
0.28          3.58983980608173E-02
0.29          3.36202977178618E-02
0.3           2.77610084787011E-02
0.31          1.99106098338962E-02
0.32          0.012498409752734
0.33          8.1889158859849E-03
0.34          8.70426971639972E-03
0.35          1.35230532113928E-02
0.36          1.92445160401985E-02
0.37          2.02790026925504E-02
0.38          1.09004525095224E-02
0.39          -1.21195592859294E-02
0.4           -4.75770441675559E-02
0.41          -8.96953836176544E-02
0.42          -0.130009468747303
0.43          -0.160431408025324
0.44          -0.176007787529379
0.45          -0.176090763173997
0.46          -0.163588465936482
0.47          -0.143013941310346
0.48          -0.118572543337941
0.49          -9.31986789219081E-02
0.5           -6.86376140266657E-02
0.51          -4.59613031661138E-02
0.52          -2.58088721358217E-02
0.53          -8.11767293082085E-03
0.54          8.27125655952841E-03
0.55          2.54893880384043E-02
0.56          4.56583214644343E-02
0.57          6.93628971744329E-02
0.58          9.44450494833291E-02
0.59          0.116040826868266
0.6           0.128239973383024
0.61          0.126851807842031
0.62          0.11200640338473
0.63          8.91317211650312E-02
0.64          6.74596467521042E-02
0.65          5.63762038014829E-02
0.66          6.11280349642038E-02
0.67          7.99727247934788E-02
0.68          0.104390496360138
0.69          0.122571938345209
0.7           0.124715655511245
0.71          0.107581659983844
0.72          7.59662765823305E-02
0.73          4.02379023050889E-02
0.74          1.11017771693878E-02
0.75          -5.77761836873833E-03
0.76          -1.25425813556649E-02
0.77          -1.78477681113873E-02
0.78          -3.20762193691917E-02
0.79          -6.13710872735828E-02
0.8           -0.10340680282563
0.81          -0.147075015306473
0.82          -0.176487807389349
0.83          -0.17767932375893
0.84          -0.145030984031037
0.85          -0.084379844320938
0.86          -1.11500680900645E-02
0.87          0.055924648004584
0.88          0.10277880272828
0.89          0.126002974854782
0.9           0.133891106313095
0.91          0.141837801290676
0.92          0.164161072801799
0.93          0.206346979569644
0.94          0.261699518635869
0.95          0.314192495159805
0.96          0.34603380035609
0.97          0.345842925310135
0.98          0.313061899468303
0.9899999     0.256519890557975
1             0.188638760056347
1.01          0.119275844609365
1.02          0.053063756134361
1.03          -8.59621043025982E-03
1.04          -6.31311311619356E-02
1.05          -0.103998303506523
1.06          -0.122355189369991
1.07          -0.112708233715966
1.08          -7.87471209838986E-02
1.09          -3.47132336860523E-02
1.1           -8.97894227910001E-05
1.11          1.02528882224578E-02
1.12          -5.07937630929519E-03
1.13          -3.17145439563319E-02
1.14          -4.58218744816259E-02
1.15          -2.60478450986557E-02
1.16          3.51723588863388E-02
1.17          0.126806738600135
1.18          0.22316265815869
1.19          0.294269660990685
1.2           0.317506806626916
1.21          0.285283239707351
1.22          0.206078519281
1.23          9.94967788551003E-02
1.24          -1.15320408786647E-02
1.25          -0.107712601069361
1.26          -0.177154335156083
1.27          -0.21574456974864
1.28          -0.225511009600013
1.29          -0.212598365731537
1.3           -0.185609701350331
1.31          -0.154079906567931
1.32          -0.126611085282639
1.33          -0.108775487830862
1.34          -0.101618559826165
1.35          -0.101731164408848
1.36          -0.103224981827661
1.37          -0.100908506847918
1.38          -9.31849562376738E-02
1.39          -8.31561591289938E-02
1.4           -7.72023048810661E-02
1.41          -8.15782331675291E-02
1.42          -9.87262528762221E-02
1.43          -0.125330207012594
1.44          -0.153348145801574
1.45          -0.173648235015571
1.46          -0.180372112747282
1.47          -0.173611488919705
1.48          -0.158791428487748
1.49          -0.142879062490538
1.5           -0.129305208167061
1.51          -0.114389554895461
1.52          -8.76040721219033E-02
1.53          -3.62325321743265E-02
1.54          4.74104533391073E-02
1.55          0.159814106505364
1.56          0.284813269749284
1.57          0.398351762406528
1.58          0.47768769800663
1.59          0.510644432678819
1.6           0.500326326303184
1.61          0.463135330416262
1.62          0.421494530327618
1.63          0.395164883695543
1.64          0.395123258829117
1.65          0.42194187887013
1.66          0.467956140451133
1.67          0.520975256748498
1.68          0.567470342181623
1.69          0.59451652854681
1.7           0.591103728041053
1.71          0.549777435064316
1.72          0.46878633543849
1.73          0.353749822676182
1.74          0.21725039223209
1.75          7.55143507663161E-02
1.76          -5.69560648687184E-02
1.77          -0.172244757078588
1.78          -0.270569945778698
1.79          -0.357298570945859
1.8           -0.436913638003171
1.81          -0.507510251998901
1.82          -0.559386968538165
1.83          -0.579050862416625
1.84          -0.556602926440537
1.85          -0.492261188663542
1.86          -0.397994058988988
1.87          -0.293056619558483
1.88          -0.195867581404746
1.89          -0.116942001571879
1.9           -5.68933077994734E-02
1.91          -1.02683182479814E-02
1.92          2.77546062343754E-02
1.93          5.65094563644379E-02
1.94          7.00483507337049E-02
1.95          6.20271859830245E-02
1.96          3.16591918375343E-02
1.97          -1.35210694978014E-02
1.98          -6.01294447341934E-02
1.99          -9.52293438278139E-02
2             -0.11269286650233
2.01          -0.115387446200475
2.02          -0.114553806837648
2.03          -0.122193203223869
2.04          -0.145505595216528
2.05          -0.183735504280776
2.06          -0.228961488101631
2.07          -0.26979679768905
2.08          -0.295805468726903
2.09          -0.300634044595063
2.1           -0.282919539324939
2.11          -0.245137536115944
2.12          -0.191269257925451
2.13          -0.124468966964632
2.14          -0.046059591206722
2.15          4.31140608899295E-02
2.16          0.139080089936033
2.17          0.230794133394957
2.18          0.2992226546444
2.19          0.322266293987632
2.2           0.285142979621887
2.21          0.191488108243793
2.22          6.79700173158199E-02
2.23          -4.27520634233952E-02
2.24          -9.95896673575044E-02
2.25          -8.29880699515343E-02
2.26          -6.26834080321714E-03
2.27          8.89420977886766E-02
2.28          0.151824279176071
2.29          0.146308317426592
2.3           6.72854682477191E-02
2.31          -5.89808551501483E-02
2.32          -0.189344610348344
2.33          -0.28436327168718
2.34          -0.323872670307755
2.35          -0.310633185356855
2.36          -0.262664656396955
2.37          -0.200938487816602
2.38          -0.140234695756808
2.39          -8.72404027171433E-02
2.4           -4.43965243035927E-02
2.41          -1.45098976185545E-02
2.42          -1.65648978480021E-03
2.43          -7.58257161418442E-03
2.44          -2.66742806090042E-02
2.45          -4.39981233514845E-02
2.46          -3.91257116384804E-02
2.47          5.17947276122868E-03
2.48          9.35016743279994E-02
2.49          0.21257578086108
2.5           0.333695846423507
2.51          0.422584889866412
2.52          0.452872845679522
2.53          0.41711010530591
2.54          0.329869538135827
2.55          0.221032426133752
2.56          0.122397197959945
2.57          5.44478103518486E-02
2.58          2.01754955551587E-02
2.59          8.77723657235038E-03
2.6           6.21982604381628E-03
2.61          5.65846764540765E-03
2.62          1.11468578316271E-02
2.63          3.26923057646491E-02
2.64          7.64813568955287E-02
2.65          0.137212096396834
2.66          0.197938537281007
2.67          0.237731690313667
2.68          0.242249760758132
2.69          0.210477653704584
2.7           0.153574707135558
2.71          8.70974839758128E-02
2.72          2.21266474644654E-02
2.73          -3.87836358183995E-02
2.74          -0.098575604846701
2.75          -0.158348574992269
2.76          -0.211424299646169
2.77          -0.24347245009616
2.78          -0.239173668511212
2.79          -0.191475116461515
2.8           -0.107711002221331
2.81          -8.66052980243694E-03
2.82          7.92779293935746E-02
2.83          0.134807483777404
2.84          0.149956870358437
2.85          0.132002181569114
2.86          9.86796304676682E-02
2.87          6.95356412837282E-02
2.88          5.76938418718055E-02
2.89          6.55326876975596E-02
2.9           8.55201061908156E-02
2.91          0.105057334760204
2.92          0.11268823441118
2.93          0.102848695227876
2.94          7.73263937607408E-02
2.95          4.32837352110073E-02
2.96          9.37783013039734E-03
2.97          -1.77022261172533E-02
2.98          -3.45634832954966E-02
2.99          -4.03419827437028E-02
3             -3.55205034767278E-02
3.01          -2.21636539441533E-02
3.02          -5.73304819583427E-03
3.03          3.55234710528748E-03
3.04          -7.4265737249516E-03
3.05          -4.86768049327657E-02
3.06          -0.119406867921352
3.07          -0.203632135614753
3.08          -0.273360237088054
3.09          -0.29964378207922
3.1           -0.266676723416895
3.11          -0.181240460816771
3.12          -0.071402986147441
3.13          2.60160462954082E-02
3.14          8.31629747897387E-02
3.15          9.45473574846983E-02
3.16          7.86211317591369E-02
3.17          0.066596652539447
3.18          8.48551498632878E-02
3.19          0.140904421219602
3.2           0.220555750150234
3.21          0.297243481781334
3.22          0.347389696575701
3.23          0.362648955993354
3.24          0.352334431037307
3.25          0.335570536851883
3.26          0.328741464056075
3.27          0.336072885766625
3.28          0.348565790913999
3.29          0.350935375057161
3.3           0.331365146264434
3.31          0.287720761187375
3.32          0.226840538531542
3.33          0.158316725939512
3.34          8.76157300081104E-02
3.35          1.33591724303551E-02
3.36          -0.069551552105695
3.37          -0.163252744395286
3.38          -0.261301542520523
3.39          -0.348124618493021
3.4           -0.404445767104626
3.41          -0.415929954461753
3.42          -0.380166227370501
3.43          -0.307867196537554
3.44          -0.217509058434516
3.45          -0.126576193850487
3.46          -4.47086240071803E-02
3.47          2.72697852621786E-02
3.48          9.23817680776119E-02
3.49          0.150543711539358
3.5           0.194850567877293
3.51          0.213986184094101
3.52          0.199350183047354
3.53          0.152201406313106
3.54          8.60073254350573E-02
3.55          2.22082892130129E-02
3.56          -1.83668592490722E-02
3.57          -2.36715206690133E-02
3.58          6.06293508375529E-03
3.59          6.07663846760988E-02
3.6           0.126664587305859
3.61          0.192049367856234
3.62          0.249540928043425
3.63          0.294533461779356
3.64          0.322254526466131
3.65          0.326673669330776
3.66          0.302873071376234
3.67          0.251662535425276
3.68          0.18309205474332
3.69          0.115570628503338
3.7           6.96428554644808E-02
3.71          5.88109569903463E-02
3.72          8.21744755748659E-02
3.73          0.123450445951894
3.74          0.157907640114427
3.75          0.164304950851947
3.76          0.135658070929348
3.77          8.27593890018761E-02
3.78          2.81652886234224E-02
3.79          -6.17990509257652E-03
3.8           -1.07054010441061E-02
3.81          7.34409772034269E-03
3.82          2.91783187352121E-02
3.83          3.60531025961973E-02
3.84          2.00628589955159E-02
3.85          -0.012403104705736
3.86          -4.64858212508261E-02
3.87          -7.01033967873082E-02
3.88          -8.32949574105442E-02
3.89          -9.94612752925605E-02
3.9           -0.137366810068488
3.91          -0.208618586305529
3.92          -0.308251577876508
3.93          -0.414194427765906
3.94          -0.496094879060984
3.95          -0.528684408590198
3.96          -0.502724525257945
3.97          -0.428444055765867
3.98          -0.330583227351308
3.99          -0.238014238737524
4             -0.172784930169582
4.01          -0.142882616501302
4.02          -0.140994175979868
4.03          -0.149004176203161
4.04          -0.14583380674012
4.05          -0.115310189863667
4.06          -5.12542941374704E-02
4.07          4.13696537353098E-02
4.08          0.148660131515935
4.09          0.251803215779364
4.1           0.331528904847801
4.11          0.372281585969031
4.12          0.365785767920315
4.13          0.313469084948301
4.14          0.226755699086934
4.15          0.124333613058552
4.16          2.65456806938164E-02
4.17          -5.13219528179616E-02
4.18          -0.103898352663964
4.19          -0.136120905457065
4.2           -0.158638085257262
4.21          -0.180528891216964
4.22          -0.203467591311783
4.23          -0.220819057580084
4.24          -0.222211169991642
4.25          -0.200714100915939
4.26          -0.158166306316853
4.27          -0.105512056276202
4.28          -5.82820946071297E-02
4.29          -0.030251102366019
4.3           -2.89317489601672E-02
4.31          -5.48061715811491E-02
4.32          -0.10351296633482
4.33          -0.168546192180365
4.34          -0.242336738090962
4.35          -0.315465287826955
4.36          -0.375758596211672
4.37          -0.409698503650725
4.38          -0.407242673076689
4.39          -0.368418696038425
4.4           -0.30765881638974
4.41          -0.251624144800007
4.42          -0.229147776737809
4.43          -0.25673448337242
4.44          -0.326964787580073
4.45          -0.407277390919626
4.46          -0.451994995884597
4.47          -0.423154810667038
4.48          -0.309921835027635
4.49          -0.135960088754073
4.5           5.00625493610278E-02
4.51          0.196509733591229
4.52          0.271955863796175
4.53          0.277373820729554
4.54          0.241502340417355
4.55          0.203087175115943
4.56          0.190697582960129
4.57          0.211147927343845
4.58          0.251383952144533
4.59          0.290320707354695
4.6           0.311809243150055
4.61          0.310771983638406
4.62          0.290326444935054
4.63          0.254174353089184
4.64          0.201294839065522
4.65          0.127418832443655
4.66          3.19691627891734E-02
4.67          -7.55398592445999E-02
4.68          -0.175816839393228
4.69          -0.248302085772157
4.7           -0.28306506190449
4.71          -0.287920114696026
4.72          -0.284869878105819
4.73          -0.296775777619332
4.74          -0.332026685625315
4.75          -0.377146469391882
4.76          -0.402918218560517
4.77          -0.381190147921443
4.78          -0.302480540480465
4.79          -0.183488623872399
4.8           -5.95887737162411E-02
4.81          3.34192745550536E-02
4.82          7.74328222218901E-02
4.83          7.94100399222225E-02
4.84          6.41909024538472E-02
4.85          0.057989126262255
4.86          7.31720749475062E-02
4.87          0.103416578639299
4.88          0.131139032039791
4.89          0.141121352920309
4.9           0.130693720886484
4.91          0.109823802234605
4.92          0.091717487834394
4.93          8.10652587655932E-02
4.94          6.85913753416389E-02
4.95          0.03624080050271
4.96          -2.98026985838078E-02
4.97          -0.126437084935606
4.98          -0.229755576532334
4.99          -0.303518969435245
5             -0.316355014778674
5.01          -0.258690358735621
5.02          -0.14989566645585
5.03          -0.031003221035935
5.04          5.38463419955224E-02
5.05          7.76462730020285E-02
5.06          4.16156616294757E-02
5.07          -2.86583025497384E-02
5.08          -9.92504466231912E-02
5.09          -0.146370297912508
5.1           -0.166612901687622
5.11          -0.173951285239309
5.12          -0.186870141774416
5.13          -0.214785736016929
5.14          -0.252442846354097
5.15          -0.285096366349608
5.16          -0.300099846627563
5.17          -0.296712463237345
5.18          -0.287543956004083
5.19          -0.290732917785645
5.2           -0.317870503440499
5.21          -0.365323472432792
5.22          -0.414549244120717
5.23          -0.44163336429745
5.24          -0.430814005360007
5.25          -0.384332331977785
5.26          -0.32284476634115
5.27          -0.275776635501534
5.28          -0.266514883451164
5.29          -0.300193584803492
5.3           -0.360469113998115
5.31          -0.416896279938519
5.32          -0.438943718187511
5.33          -0.409425584860146
5.34          -0.330941113494337
5.35          -0.223000525832176
5.36          -0.112492279596627
5.37          -2.29178990819491E-02
5.38          3.26877604681067E-02
5.39          5.32743015792221E-02
5.4           0.047069268305786
5.41          2.74573232838884E-02
5.42          9.56506722606719E-03
5.43          7.86212962120771E-03
5.44          3.38092815550044E-02
5.45          9.27308925334364E-02
5.46          0.180470272880048
5.47          0.281849882584065
5.48          0.373215788304806
5.49          0.429796078205109
5.5           0.435814836546779
5.51          0.392876100763679
5.52          0.321805935390294
5.53          0.255621721688658
5.54          0.22558391707018
5.55          0.246212601531297
5.56          0.306484531033784
5.57          0.372232652083039
5.58          0.399819413535297
5.59          0.355688759386539
5.6           0.233040414378047
5.61          0.057490404448472
5.62          -0.121678721336648
5.63          -0.251247474476695
5.64          -0.295777712725103
5.65          -0.251112714428455
5.66          -0.143536910796538
5.67          -1.57778674748261E-02
5.68          9.23584066238254E-02
5.69          0.158756856825203
5.7           0.182571689095348
5.71          0.17682983295992
5.72          0.156363755911589
5.73          0.129129051659256
5.74          9.55149985849857E-02
5.75          5.41952654533088E-02
5.76          8.56662431848236E-03
5.77          -3.20077429921366E-02
5.78          -5.74556546285749E-02
5.79          -6.46658105682582E-02
5.8           -6.12455000448972E-02
5.81          -6.16506344312802E-02
5.82          -7.75349200889468E-02
5.83          -0.108639256842434
5.84          -0.140750904399902
5.85          -0.152976290294901
5.86          -0.130636737942696
5.87          -7.62423017062247E-02
5.88          -1.16560372535605E-02
5.89          3.06682989187539E-02
5.9           2.33340632356703E-02
5.91          -4.15543663641438E-02
5.92          -0.146853040382266
5.93          -0.25681692911312
5.94          -0.332309142686427
5.95          -0.347185994200408
5.96          -0.298119065780193
5.97          -0.203993456996977
5.98          -9.64545182324946E-02
5.99          -7.02182134904433E-03
6             4.33860112354159E-02
6.01          4.91748780710623E-02
6.02          1.91436492861249E-02
6.03          -2.78611626033671E-02
6.04          -6.84476023586467E-02
6.05          -8.03779916558415E-02
6.06          -4.84777620574459E-02
6.07          2.96560408221558E-02
6.08          0.139988628476858
6.09          0.253169892802835
6.1           0.332177287973464
6.11          0.34522301081568
6.12          0.279305028151721
6.13          0.148212527157739
6.14          -9.59320238325745E-03
6.15          -0.143499004393816
6.16          -0.209024931248277
6.17          -0.184301277212799
6.18          -7.78080490138382E-02
6.19          7.56427382631227E-02
6.2           0.228515053186566
6.21          0.337681016251445
6.22          0.378122113868594
6.23          0.348448810055852
6.24          0.267386904302985
6.25          0.164060537237674
6.26          6.68345702625811E-02
6.27          -4.84102575515863E-03
6.28          -4.32638912228867E-02
6.29          -5.04229342751205E-02
6.3           -3.35867059207521E-02
6.31          -1.49249508584035E-03
6.32          3.72412956459448E-02
6.33          7.40174452867359E-02
6.34          0.100381946805865
6.35          0.109827676014975
6.36          0.100852291351184
6.37          7.90987396426499E-02
6.38          0.056371407257393
6.39          4.61509219743311E-02
6.4           5.76435969304293E-02
6.41          9.15756106283516E-02
6.42          0.140075852489099
6.43          0.190694604534656
6.44          0.232359999474138
6.45          0.26013814760372
6.46          0.276414877362549
6.47          0.288034647032619
6.48          0.301020015645772
6.49          0.31571606028825
6.5           0.324929846897721
6.51          0.316069305203855
6.52          0.276325469780713
6.53          0.198658804614097
6.54          8.62798696383834E-02
6.55          -4.59780865022913E-02
6.56          -0.174109434150159
6.57          -0.271144087538123
6.58          -0.315957367569208
6.59          -0.301979178283364
6.6           -0.241862876079977
6.61          -0.164680031463504
6.62          -0.105188696114346
6.63          -8.90530578419566E-02
6.64          -0.120935613317415
6.65          -0.181799125727266
6.66          -0.237372799180448
6.67          -0.253937504310161
6.68          -0.213704750295728
6.69          -0.122407247861847
6.7           -5.97167969041038E-03
6.71          0.101208003060892
6.72          0.169980240091682
6.73          0.185586659666151
6.74          0.149085808815435
6.75          7.25460619898513E-02
6.76          -2.74560305010527E-02
6.77          -0.133819852508605
6.78          -0.229323997199535
6.79          -0.295892957691103
6.8           -0.31634430706501
6.81          -0.280127713121474
6.82          -0.190712566450238
6.83          -6.95916831912473E-02
6.84          4.74294522218406E-02
6.85          0.122026237808168
6.86          0.128685037856922
6.87          6.62341891229153E-02
6.88          -4.06533469771966E-02
6.89          -0.151584278382361
6.9           -0.227982627656311
6.91          -0.249812257122248
6.92          -0.223253966085613
6.93          -0.175379047393799
6.94          -0.138491110866889
6.95          -0.132297794865444
6.96          -0.153331700507551
6.97          -0.177119525950402
6.98          -0.171647591907531
6.99          -0.114667050959542
7             -5.74469751678407E-03
7.01          0.132674501733854
7.02          0.264826920200139
7.03          0.356202400736511
7.04          0.385810288824141
7.05          0.351088608652353
7.06          0.26496705237776
7.07          0.148649816662073
7.08          2.49667748669162E-02
7.09          -8.48996069747955E-02
7.1           -0.162160045970231
7.11          -0.191874042749405
7.12          -0.167439277712256
7.13          -9.67516481503844E-02
7.14          -5.19330393872224E-03
7.15          6.94364304793999E-02
7.16          9.06720513571054E-02
7.17          4.03633250808343E-02
7.18          -0.070216471888125
7.19          -0.202538432199508
7.2           -0.30701913099736
7.21          -0.346108352355659
7.22          -0.312638049423695
7.23          -0.233610700629652
7.24          -0.157066244054586
7.25          -0.128677911562845
7.26          -0.170162527039647
7.27          -0.270230295639485
7.28          -0.391532045155764
7.29          -0.488488638214767
7.3           -0.526121756695211
7.31          -0.491344418339431
7.32          -0.393772296197712
7.33          -0.258745523560792
7.34          -0.117637116741389
7.35          5.97830477418029E-04
7.36          7.52850576862693E-02
7.37          9.76596202421934E-02
7.38          7.26390601275489E-02
7.39          0.018215589952888
7.4           -3.85620126407593E-02
7.41          -6.93312673922628E-02
7.42          -5.43809054140002E-02
7.43          8.65059467498213E-03
7.44          0.101672938931733
7.45          0.191611904762685
7.46          0.24380592411384
7.47          0.23825169051066
7.48          0.180869838707149
7.49          0.10307308212854
7.5           4.81626245426014E-02
7.51          5.00925117731094E-02
7.52          0.115077927494422
7.53          0.216143642216921
7.54          0.304562843609601
7.55          0.333150812834501
7.56          0.279557134509087
7.57          0.15726537829265
7.58          8.58594297082163E-03
7.59          -0.11604934187606
7.6           -0.18077089285478
7.61          -0.176899360008538
7.62          -0.120284863896668
7.63          -3.74972872040235E-02
7.64          4.91203299444169E-02
7.65          0.1286050680466
7.66          0.198442019093782
7.67          0.256505966875702
7.68          0.295678858235478
7.69          0.305850875582546
7.7           0.281634906046093
7.71          0.229299932252616
7.72          0.166690084934235
7.73          0.114894662965089
7.74          8.65760493837297E-02
7.75          7.86206384003162E-02
7.76          7.42831875337288E-02
7.77          5.38930923119187E-02
7.78          7.67707895021886E-03
7.79          -5.71330436412245E-02
7.8           -0.119238577745855
7.81          -0.154585581086576
7.82          -0.149570954125375
7.83          -0.108746288297698
7.84          -5.28655126830563E-02
7.85          -8.51555254426785E-03
7.86          4.99174173572101E-03
7.87          -0.015424687655177
7.88          -5.61371257714927E-02
7.89          -9.44659989606589E-02
7.9           -0.10996916949749
7.91          -9.34511507302523E-02
7.92          -4.96147211641073E-02
7.93          7.01008352043573E-03
7.94          5.97961443057284E-02
7.95          9.70024023391306E-02
7.96          0.114753872975707
7.97          0.115500242644921
7.98          0.104103480298072
7.99          8.47814475372434E-02
8             6.10143705736846E-02
8.01          3.79543864354491E-02
8.02          2.46215630206279E-02
8.03          3.29858268541284E-02
8.04          7.32551191141829E-02
8.05          0.147867815522477
8.059999      0.248336547799408
8.07          0.357703636810184
8.08          0.457618738263845
8.09          0.535663170106709
8.099999      0.588180741481483
8.11          0.61697604931891
8.12          0.62277524471283
8.13          0.600834664329886
8.139999      0.542694739289582
8.15          0.443582277819514
8.16          0.310471180938184
8.17          0.164585653748363
8.179999      3.50609648600221E-02
8.19          -5.39027447858825E-02
8.2           -9.54552473500371E-02
8.21          -0.104405982345343
8.22          -0.109819800546393
8.23          -0.138992299474776
8.24          -0.201329410728067
8.25          -0.281322591640055
8.26          -0.345074528083205
8.27          -0.357242401130497
8.28          -0.299380529467016
8.29          -0.179905980024487
8.3           -3.07567654643208E-02
8.309999      0.106794633893296
8.32          0.199074048288167
8.33          0.230917363464832
8.34          0.206168785672635
8.349999      0.139838382443413
8.36          0.048469886588864
8.37          -0.054929725988768
8.38          -0.159443776756525
8.389999      -0.25170368520543
8.4           -0.314107893258333
8.41          -0.3294274886325
8.42          -0.290131988469511
8.429999      -0.206321580726653
8.44          -0.105890124449506
8.45          -2.48446411499754E-02
8.46          8.16584622196388E-03
8.47          -1.48207947600167E-02
8.48          -7.70533105172217E-02
8.49          -0.1445764909219
8.5           -0.181482023913413
8.51          -0.165352442990989
8.52          -9.56924981251359E-02
8.53          7.9933328035986E-03
8.54          0.116733255973086
8.55          0.205707330722362
8.559999      0.26451160909608
8.57          0.299670624453574
8.58          0.328849747180939
8.59          0.370061909817159
8.599999      0.431281782612205
8.61          0.50536359295249
8.62          0.572336614318192
8.63          0.6075492413342
8.639999      0.591528491713107
8.65          0.517199673056603
8.66          0.391968064717948
8.67          0.23493887739256
8.679999      7.14536787662655E-02
8.69          -7.27837467379868E-02
8.7           -0.176876226961613
8.71          -0.22915163224563
8.72          -0.230610439460725
8.73          -0.196053796950728
8.74          -0.150879725441337
8.75          -0.12273006898351
8.76          -0.130108542507514
8.77          -0.172997787091881
8.78          -0.231013787705451
8.79          -0.27167563598603
8.8           -0.266084656286985
8.809999      -0.204620150607079
8.82          -0.104207103922963
8.83          -2.42258938145824E-03
8.84          5.94686362752691E-02
8.849999      5.62510551139712E-02
8.86          -8.93775292031933E-03
8.87          -0.106181818284094
8.88          -0.193219523616135
8.889999      -0.234847130924463
8.9           -0.217146366611123
8.91          -0.149974357187748
8.92          -0.058176378775388
8.929999      3.19470872660168E-02
8.94          0.102829253235832
8.95          0.147838689079508
8.96          0.166581966262311
8.97          0.158597830832005
8.98          0.120899296626449
8.99          5.12849326338619E-02
9             -4.53298267163336E-02
9.01          -0.15297940576449
9.02          -0.247447222843766
9.03          -0.305863520186394
9.04          -0.318333566375077
9.05          -0.294568983614445
9.059999      -0.260559494309127
9.07          -0.245852486137301
9.08          -0.267809548359364
9.09          -0.321614621803165
9.099999      -0.382107904963195
9.11          -0.417047832459211
9.12          -0.404808002114296
9.13          -0.346788127720356
9.139999      -0.267541307341307
9.15          -0.202359269857407
9.16          -0.179065059050918
9.17          -0.203942549675703
9.179999      -0.259300168510526
9.19          -0.313453480191529
9.2           -0.336900778412819
9.21          -0.315307449549437
9.22          -0.252555039804429
9.23          -0.163635024391115
9.24          -0.063343782518059
9.25          4.13752268627286E-02
9.26          0.150936032300815
9.27          0.265966140534729
9.28          0.379586512483656
9.29          0.475423144474626
9.3           0.533640070036054
9.309999      0.541754982098937
9.32          0.5034756731987
9.33          0.439486083984375
9.34          0.378632868155837
9.349999      0.343727329596877
9.36          0.339746325910091
9.37          0.351371504254639
9.38          0.351714297272265
9.389999      0.317621740959585
9.4           0.243005074840039
9.41          0.142716747438535
9.42          4.49768695933744E-02
9.429999      -2.30523302243091E-02
9.44          -4.83216870808974E-02
9.45          -3.66775304102339E-02
9.46          -7.60238762246445E-03
9.469999      1.71928365610074E-02
9.48          2.45962669607252E-02
9.49          1.47785143658984E-02
9.5           -1.73033757746452E-03
9.51          -1.16828841960523E-02
9.52          -6.41201442922466E-03
9.53          1.52498593332712E-02
9.54          4.91170500218868E-02
9.55          9.01121347770095E-02
9.559999      0.135052811019123
9.57          0.181576090995222
9.58          0.224548101089895
9.59          0.253842651508749
9.599999      0.256818189918995
9.61          0.225281086117029
9.62          0.162796771209687
9.63          8.68687482085079E-02
9.639999      2.31750532309525E-02
9.65          -5.91989871289115E-03
9.66          7.76597490068525E-03
9.67          0.054528908492066
9.679999      0.112713532755151
9.69          0.160862987358123
9.7           0.188759377151728
9.71          0.200697381533682
9.719999      0.209236509092152
9.73          0.223724283222109
9.74          0.241184507701546
9.75          0.24565581869334
9.76          0.216729533225298
9.77          0.142296423995867
9.78          2.79130109609105E-02
9.79          -0.102796024605632
9.8           -0.217091969233006
9.809999      -0.286656695846468
9.82          -0.298752465415746
9.83          -0.259828866440803
9.84          -0.190741857346147
9.849999      -0.116910307835788
9.86          -5.85063855769113E-02
9.87          -2.46468522283249E-02
9.88          -0.012884984939592
9.889999      -1.28953009354882E-02
9.9           -1.21779012505431E-02
9.91          -1.69989336965955E-03
9.92          2.02115313056856E-02
9.929999      4.70360899250954E-02
9.94          6.69295189948753E-02
9.95          6.85310804983601E-02
9.96          4.72423824341968E-02
9.969999      8.73159574228339E-03
9.98          -3.24736198992468E-02
9.99          -5.88283341843635E-02
10            -5.70981567772105E-02
10.01         -0.023563753743656
10.02         3.50690664513968E-02
10.03         0.104806635389104
10.04         0.169589682631195
10.05         0.216323115192354
10.06         0.23818978311494
10.07         0.235644471868873
10.08         0.215137281585485
10.09         0.186085043437779
10.1          0.157112985234708
10.11         0.133003736520186
10.12         0.113687368249521
10.13         9.58166418224573E-02
10.14         7.62262584082782E-02
10.15         0.05550459865015
10.16         3.96439942158759E-02
10.17         3.85262075811625E-02
10.18         6.15914953267202E-02
10.19         0.112683255141601
10.2          0.186787568125874
10.21         0.270613196901977
10.22         0.34692904561758
10.23         0.400530142597854
10.24         0.422865117676556
10.25         0.413326627872884
10.26         0.377217695787549
10.27         0.3221120371297
10.28         0.254823704659939
10.29         0.180398571398109
10.3          0.103236456988379
10.31         2.93287840392441E-02
10.32         -3.19771935744211E-02
10.33         -0.068223868701607
10.34         -6.68854958564043E-02
10.35         -2.06233397405595E-02
10.36         6.73579965624958E-02
10.37         0.180767841339111
10.38         0.292745182234794
10.39         0.373544913455844
10.4          0.400864274427295
10.41         0.368478081822395
10.42         0.289015554003418
10.43         0.189019980244339
10.44         9.80509542860091E-02
10.45         3.67424459243193E-02
10.46         9.60149812046439E-03
10.47         6.07075801875908E-03
10.48         8.96081573213451E-03
10.49         5.22725661867298E-03
10.5          -7.15140683983918E-03
10.51         -1.98552782717161E-02
10.52         -2.13345164805651E-02
10.53         -5.34043907071464E-03
10.54         2.45493362029083E-02
10.55         5.67131496034563E-02
10.56         7.75202655047178E-02
10.57         7.71191556472331E-02
10.58         5.14778816141188E-02
10.59         6.18543268137728E-04
10.6          -7.39317241916433E-02
10.61         -0.169127368871123
10.62         -0.277167249564081
10.63         -0.381928431987763
10.64         -0.45944617588073
10.65         -0.484790859036148
10.66         -0.443262106217444
10.67         -0.340007879175246
10.68         -0.201781437043101
10.69         -6.82336582196876E-02
10.7          2.41188486549072E-02
10.71         5.76790685160086E-02
10.72         4.12345967581496E-02
10.73         4.90622677782085E-03
10.74         -1.53594135423191E-02
10.75         3.73007419577334E-03
10.76         6.06274356460199E-02
10.77         0.12939355594106
10.78         0.172802581451833
10.79         0.161557801030576
10.8          0.089801135994494
10.81         -2.09891698742285E-02
10.82         -0.131451063221321
10.83         -0.20190190795809
10.84         -0.208875279072672
10.85         -0.15269709488377
10.86         -5.35085373837501E-02
10.87         6.06386641273275E-02
10.88         0.16630840793252
10.89         0.251245738584548
10.9          0.312744139842689
10.91         0.350808819383383
10.92         0.362072091624141
10.93         0.339384492896497
10.94         0.277658013682812
10.95         0.181852097846568
10.96         0.070990355447866
10.97         -2.57694696681574E-02
10.98         -8.00919988565147E-02
10.99         -0.077031684955582
11            -2.24893347197212E-02
11.01         5.85479282168672E-02
11.02         0.132233429811895
11.03         0.169561524633318
11.04         0.157195960879326
11.05         0.101065997947007
11.06         2.22146731847897E-02
11.07         -5.21895060315728E-02
11.08         -9.84978094696999E-02
11.09         -0.103645542813465
11.1          -0.068305460200645
11.11         -6.16375958255958E-03
11.12         6.02862551808357E-02
11.13         0.106913542505354
11.14         0.116737047526985
11.15         8.74770870432258E-02
11.16         3.41016332013533E-02
11.17         -1.62717242224608E-02
11.18         -3.63622741238214E-02
11.19         -1.27145603019744E-02
11.2          4.54640888376162E-02
11.21         0.108272526785731
11.22         0.13843238289468
11.23         0.110208393707871
11.24         0.024351960697677
11.25         -8.93483239598572E-02
11.26         -0.184238730277866
11.27         -0.218192360401154
11.28         -0.173562993574888
11.29         -0.065627261842601
11.3          0.064538012361154
11.31         0.168763215243816
11.32         0.21251453127712
11.33         0.187741650994867
11.34         0.112629131851718
11.35         1.99160139402375E-02
11.36         -5.91773033235222E-02
11.37         -0.107141437735409
11.38         -0.123383312607184
11.39         -0.118804440256208
11.4          -0.106623721607029
11.41         -9.53908731602132E-02
11.42         -8.75653982721269E-02
11.43         -8.28147000074387E-02
11.44         -8.21562121622264E-02
11.45         -8.90452554635704E-02
11.46         -0.106215010369197
11.47         -0.130556101184338
11.48         -0.150242378935218
11.49         -0.147359646800905
11.5          -0.105950012728572
11.51         -2.16378887579776E-02
11.52         9.27647332940251E-02
11.53         0.209676146619022
11.54         0.296894567459822
11.55         0.330684420727193
11.56         0.305162219759077
11.57         0.233379662521184
11.58         0.140223905816674
11.59         5.16060087271035E-02
11.6          -1.42152927385177E-02
11.61         -4.95436820620671E-02
11.62         -5.47897902410477E-02
11.63         -0.034140115189366
11.64         6.93246116163209E-03
11.65         0.061066360543482
11.66         0.117236774330959
11.67         0.161177202109247
11.68         0.179828650597483
11.69         0.168115362022072
11.7          0.13343801105395
11.71         9.35652171168476E-02
11.72         0.067523920442909
11.73         6.42014502827078E-02
11.74         7.58784267352894E-02
11.75         8.14844401739538E-02
11.76         5.82668004836887E-02
11.77         -5.0897773867473E-03
11.78         -0.101981653645635
11.79         -0.211862493641675
11.8          -0.311793272942305
11.81         -0.388144460767508
11.82         -0.441492629125714
11.83         -0.482583242766559
11.84         -0.522932685278356
11.85         -0.566483551450074
11.86         -0.607354382872581
11.87         -0.63428512327373
11.88         -0.638171913698316
11.89         -0.617507268860936
11.9          -0.578471147529781
11.91         -0.530188056640327
11.92         -0.478774951212108
11.93         -0.424328419938684
11.94         -0.362781833969057
11.95         -0.291305890101939
11.96         -0.213606352619827
11.97         -0.141515044122934
11.98         -9.13748044520617E-02
11.99         -7.66843420732766E-02
12            -0.100676637338474
12.01         -0.152754068691283
12.02         -0.211590104755014
12.03         -0.253256175778806
12.04         -0.261118013039231
12.05         -0.232327748425305
12.06         -0.177716398760676
12.07         -0.11541681018658
12.08         -6.19152894616127E-02
12.09         -2.53891128581017E-02
12.1          -4.48870046267984E-03
12.11         7.64450527669396E-03
12.12         1.72832548432052E-02
12.13         2.59130873344839E-02
12.14         3.03107051365078E-02
12.15         2.63945552939549E-02
12.16         1.39668363227975E-02
12.17         -9.98879664330161E-04
12.18         -8.25441726366989E-03
12.19         1.60109127085889E-03
12.2          3.17349338368513E-02
12.21         0.076511671054177
12.22         0.123067389372736
12.23         0.156029276903719
12.24         0.163015164714307
12.25         0.138745793653652
12.26         8.67561618983746E-02
12.27         1.86503692658152E-02
12.28         -4.88889674982056E-02
12.29         -9.90670907311142E-02
12.3          -0.121119371205568
12.31         -0.115695868553594
12.32         -9.67759415041655E-02
12.33         -8.80274288076907E-02
12.34         -0.113839286221191
12.35         -0.188211748860776
12.36         -0.306475595757365
12.37         -0.444201753772795
12.38         -0.564617266394198
12.39         -0.631896024048328
12.4          -0.62473281942308
12.41         -0.544256969131529
12.42         -0.412804434970021
12.43         -0.264250841550529
12.44         -0.130499757779762
12.45         -3.03672244143672E-02
12.46         3.43079554033466E-02
12.47         7.43319204216823E-02
12.48         0.103773368429393
12.49         0.131059857085347
12.5          0.155313047803938
12.51         0.169337411820889
12.52         0.166687033418566
12.53         0.147964906711131
12.54         0.122228825557977
12.55         0.102652886593714
12.56         9.93075848836452E-02
12.57         0.113695828439668
12.58         0.138413242399693
12.59         0.161801374107599
12.6          0.174177627302706
12.61         0.171364732850343
12.62         0.153446689657867
12.63         0.120379369519651
12.64         6.86180349905044E-02
12.65         -7.61273445328698E-03
12.66         -0.110181268109009
12.67         -0.229832229875028
12.68         -0.343479919284582
12.69         -0.419702285639942
12.7          -0.431363168545067
12.71         -0.369508178494871
12.72         -0.250923081915826
12.73         -0.114332736404613
12.74         -6.00239584513474E-03
12.75         3.87603931361809E-02
12.76         9.28292479540687E-03
12.77         -0.078156680110842
12.78         -0.19002860667184
12.79         -0.291785818599165
12.8          -0.36219795294106
12.81         -0.399034095928073
12.82         -0.414528267234564
12.83         -0.424557484611869
12.84         -0.43835015270859
12.85         -0.454344772584736
12.86         -0.463591632507741
12.87         -0.457454577684403
12.88         -0.43396828584373
12.89         -0.398458766452968
12.9          -0.358174520395696
12.91         -0.315051560774446
12.92         -0.262515588942915
12.93         -0.189818307906389
12.94         -9.21735158376396E-02
12.95         0.019783231895417
12.96         0.118481080094352
12.97         0.168949978966266
12.98         0.145666686007753
12.99         4.77252391073853E-02
13            -9.67691715247929E-02
13.01         -0.240768295582384
13.02         -0.338523453846574
13.03         -0.365874133966863
13.04         -0.330173593349755
13.05         -0.2649117048271
13.06         -0.212188914455473
13.07         -0.202335113547742
13.08         -0.240836379099637
13.09         -0.308239042907953
13.1          -0.371716781482101
13.11         -0.401528554670513
13.12         -0.38422287940979
13.13         -0.327160596214235
13.14         -0.253548098020256
13.15         -0.191247879043221
13.16         -0.160650751702487
13.17         -0.166595835126936
13.18         -0.197275536116213
13.19         -0.230060581918806
13.2          -0.241333629973233
13.21         -0.215850020628423
13.22         -0.151676362892613
13.23         -5.91939313430339E-02
13.24         4.43425928754732E-02
13.25         0.141281118951738
13.26         0.217858703657985
13.27         0.265060827098787
13.28         0.277251632194966
13.29         0.251137510277331
13.3          0.18703512461856
13.31         9.22113765589893E-02
13.32         -1.63585942040663E-02
13.33         -0.113295595664531
13.34         -0.171900684982538
13.35         -0.175044349115342
13.36         -0.124511971408501
13.37         -4.29287498351187E-02
13.38         3.43492125347257E-02
13.39         7.44548489945009E-02
13.4          0.061939907153137
13.41         5.54315130226314E-03
13.42         -6.69549726555124E-02
13.43         -0.123077914360911
13.44         -0.141443845136091
13.45         -0.120568563491106
13.46         -0.076333874585107
13.47         -3.02347872639075E-02
13.48         4.35501135711092E-03
13.49         2.97759452881292E-02
13.5          6.12078357534483E-02
13.51         0.115226081321016
13.52         0.196772584207356
13.53         0.292551365308464
13.54         0.375242250524461
13.55         0.416632533967495
13.56         0.402372782975435
13.57         0.339772236384451
13.58         0.253830609899014
13.59         0.173654465954751
13.6          0.117323596347123
13.61         8.44465391244739E-02
13.62         6.08662304515019E-02
13.63         3.21076664258726E-02
13.64         -3.75521122739883E-03
13.65         -3.29089656611905E-02
13.66         -3.49008767749183E-02
13.67         1.90160989004653E-03
13.68         0.069212673981674
13.69         0.140405260864645
13.7          0.184844647999853
13.71         0.186397522296757
13.72         0.154184790998697
13.73         0.118036289708689
13.74         0.110605849055573
13.75         0.146746584512293
13.76         0.212968695480377
13.77         0.273950988594443
13.78         0.292700889576226
13.79         0.2524949596636
13.8          0.167521211821586
13.81         7.59619231475517E-02
13.82         1.97419450711459E-02
13.83         2.28535066195764E-02
13.84         8.04930173512548E-02
13.85         0.164369233679026
13.86         0.239960484467447
13.87         0.284968166146427
13.88         0.298360409606248
13.89         0.295703306905925
13.9          0.29492440296337
13.91         0.302117190845311
13.92         0.306433806437999
13.93         0.287049171924591
13.94         0.227510355357081
13.95         0.12825232562609
13.96         9.36249774880707E-03
13.97         -9.81289872061461E-02
13.98         -0.16705089468509
13.99         -0.186041463408619
14            -0.161806545238942
14.01         -0.111163609474897
14.02         -4.87888796115294E-02
14.03         2.09185213479213E-02
14.04         0.102502238564193
14.05         0.199926426149905
14.06         0.306048091202974
14.07         0.399461527392268
14.08         0.452500926218927
14.09         0.446618334911764
14.1          0.385753717012703
14.11         0.298535442352295
14.12         0.226469185519964
14.13         0.20374895201996
14.14         0.239781998209655
14.15         0.314334107413888
14.16         0.388145776391029
14.17         0.423037062361836
14.18         0.400266798622906
14.19         0.327213367335498
14.2          0.229506284147501
14.21         0.134230920905247
14.22         5.47217112919316E-02
14.23         -1.42042926640715E-02
14.24         -8.86085598170757E-02
14.25         -0.181141076423228
14.26         -0.289534311667085
14.27         -0.394934284128249
14.28         -0.470604125149548
14.29         -0.495219185426831
14.3          -0.462752666696906
14.31         -0.383710919134319
14.32         -0.278094215970486
14.33         -0.165205422062427
14.34         -5.66366652818397E-02
14.35         4.40367652243003E-02
14.36         0.135983870476484
14.37         0.215016920305789
14.38         0.271650456413627
14.39         0.295163755081594
14.4          0.28109857019037
14.41         0.236928885877132
14.42         0.18150950582698
14.43         0.137741351639852
14.44         0.122202924219891
14.45         0.137479067472741
14.46         0.171435392796993
14.47         0.203727554865181
14.48         0.215899283420295
14.49         0.199718795176595
14.5          0.159782970082015
14.51         0.109793424122036
14.52         6.52567676408216E-02
14.53         0.036738391702529
14.54         2.67092725401744E-02
14.55         3.04541446454823E-02
14.56         0.039293841929175
14.57         4.38405454577878E-02
14.58         3.61154805100523E-02
14.59         1.09188472561073E-02
14.6          -0.03256120251026
14.61         -8.87232931517065E-02
14.62         -0.144396506315097
14.63         -0.180572306793183
14.64         -0.178075362984091
14.65         -0.125817289212719
14.66         -2.78750794334337E-02
14.67         9.49295095726848E-02
14.68         0.211098116375506
14.69         0.290237019080669
14.7          0.31500083617866
14.71         0.286988488789648
14.72         0.223500590678304
14.73         0.147277539102361
14.74         7.53448591707274E-02
14.75         1.32982243434526E-02
14.76         -4.24084527092055E-02
14.77         -9.67317036632449E-02
14.78         -0.148550815992057
14.79         -0.188368965871632
14.8          -0.202382311541587
14.81         -0.180046386290342
14.82         -0.120461623398587
14.83         -3.41095794760622E-02
14.84         6.05652541620657E-02
14.85         0.143520520320162
14.86         0.199247253779322
14.87         0.220339786894619
14.88         0.207933548446745
14.89         0.169908684790134
14.9          0.118215634776279
14.91         6.62649600952864E-02
14.92         2.65902679972351E-02
14.93         8.61743685090914E-03
14.94         1.65523905737791E-02
14.95         4.79033553460613E-02
14.96         9.34641881939024E-02
14.97         0.139371180776507
14.98         0.171071842163801
14.99         0.17812181180343
15            0.158123914003372
15.01         0.118116944739595
15.02         7.24469745252282E-02
15.03         3.74286212492734E-02
15.04         2.46170679735951E-02
15.05         3.55945484130643E-02
15.06         6.10629390086979E-02
15.07         8.53258872684091E-02
15.08         0.094459183299914
15.09         8.41028872970492E-02
15.1          6.24524704227224E-02
15.11         0.046313300980255
15.12         0.051924124667421
15.13         8.54418083187193E-02
15.14         0.138484359160066
15.15         0.191471772585064
15.16         0.223134061619639
15.17         0.221014263220131
15.18         0.187185069154948
15.19         0.136094748303294
15.2          8.59224951267242E-02
15.21         4.84522353066131E-02
15.22         2.32045793859288E-02
15.23         -9.58229809693876E-04
15.24         -3.78534009098075E-02
15.25         -9.43375338055193E-02
15.26         -0.164649571124464
15.27         -0.23209093619138
15.28         -0.277219691779464
15.29         -0.287977234683931
15.3          -0.26600615741685
15.31         -0.225581760909408
15.32         -0.185920133683831
15.33         -0.161522809099406
15.34         -0.156265888139606
15.35         -0.164327151998878
15.36         -0.176482855528593
15.37         -0.186838621627539
15.38         -0.195120855420828
15.39         -0.203213621154428
15.4          -0.209124187733978
15.41         -0.203741094823927
15.42         -0.173931313343346
15.43         -0.110909712407738
15.44         -1.85702475649305E-02
15.45         8.42859508283436E-02
15.46         0.170466746706516
15.47         0.216756741050631
15.48         0.215245254077017
15.49         0.176971390396357
15.5          0.125699330773205
15.51         8.54477286245674E-02
15.52         6.88467753259465E-02
15.53         7.24392726458609E-02
15.54         0.080592264700681
15.55         7.48472382780165E-02
15.56         0.043232987774536
15.57         -1.47974013292696E-02
15.58         -8.90274123195559E-02
15.59         -0.163116851449013
15.6          -0.220526952613145
15.61         -0.249603109527379
15.62         -0.246798620447516
15.63         -0.217729005105793
15.64         -0.17588176175952
15.65         -0.138894742336124
15.66         -0.122945155156776
15.67         -0.136862268447876
15.68         -0.178349432945251
15.69         -0.234330145698041
15.7          -0.285711858887225
15.71         -0.314681212753057
15.72         -0.311319173388183
15.73         -0.276781351603568
15.74         -0.222133274115622
15.75         -0.163945255726576
15.76         -0.118741189828143
15.77         -0.098128164941445
15.78         -0.105626625157893
15.79         -0.135681213112548
15.8          -0.175198423247784
15.81         -0.207701669801027
15.82         -0.219304318092763
15.83         -0.204433478247374
15.84         -0.168556954711676
15.85         -0.125988904992118
15.86         -9.31852942798287E-02
15.87         -8.05151179991663E-02
15.88         -8.67152587976307E-02
15.89         -9.90963359456509E-02
15.9          -9.95570782665163E-02
15.91         -7.33312105759978E-02
15.92         -1.59909242531285E-02
15.93         6.46363460831344E-02
15.94         0.152111816005781
15.95         0.228277309052646
15.96         0.279912827946246
15.97         0.302494336254895
15.98         0.300272668395191
15.99         0.283597761522979
16            0.265048474855721
16.01         0.255646353084594
16.02         0.26185024889186
16.03         0.283755745980889
16.04         0.31497678950429
16.05         0.344608176089823
16.06         0.361072948649526
16.07         0.356581336855888
16.08         0.330234806388617
16.09         0.288125516418368
16.1          0.240310257598758
16.11         0.196269540935755
16.12         0.161252850461751
16.13         0.135151309194043
16.14         0.113838500501588
16.15         9.15914894733578E-02
16.16         6.31318666320294E-02
16.17         2.47905589733273E-02
16.18         -2.47518462943845E-02
16.19         -0.08367829721421
16.2          -0.14647869980894
16.21         -0.204530542027205
16.22         -0.248396682757884
16.23         -0.271251055039465
16.24         -0.271792781297117
16.25         -0.254941928051412
16.26         -0.229765699524432
16.27         -0.205616022795439
16.28         -0.188457587733865
16.29         -0.179144690819085
16.3          -0.174231476504356
16.31         -0.168522510956973
16.32         -0.157838113065809
16.33         -0.140648769987747
16.34         -0.118131507961079
16.35         -0.093108668345958
16.36         -6.87394423736259E-02
16.37         -4.76180340629071E-02
16.38         -3.13866019528359E-02
16.39         -2.05665440903977E-02
16.4          -1.42926278756931E-02
16.41         -9.95935000246391E-03
16.42         -0.003182776523754
16.43         1.13638409238774E-02
16.44         3.79621454165317E-02
16.45         7.71453128010035E-02
16.46         0.123549766391516
16.47         0.16596921460703
16.48         0.190657547805458
16.49         0.187280342224985
16.5          0.154976851176471
16.51         0.105031469967216
16.52         5.76910233311355E-02
16.53         3.35842094337568E-02
16.54         4.35291629517451E-02
16.55         8.21768144611269E-02
16.56         0.129522551000118
16.57         0.160264342110604
16.58         0.156483843103051
16.59         0.11693130299449
16.6          5.78346455655992E-02
16.61         4.76792271161685E-03
16.62         -1.99533630302176E-02
16.63         -7.62070299766492E-03
16.64         0.033918734122999
16.65         8.55484743230045E-02
16.66         0.126868673404679
16.67         0.145326268421486
16.68         0.140088323503733
16.69         0.119569740286097
16.7          9.49914900586009E-02
16.71         7.41348464135081E-02
16.72         5.87595608783886E-02
16.73         4.65549463033676E-02
16.74         0.03558555603493
16.75         2.77541813976131E-02
16.76         2.87469975021668E-02
16.77         4.45582637703046E-02
16.78         7.72517960797995E-02
16.79         0.123238977743313
16.8          0.175581836141646
16.81         0.228829414118081
16.82         0.282843525521457
16.83         0.34250595588237
16.84         0.41293417006731
16.85         0.493081297203898
16.86         0.572079154103994
16.87         0.631303774192929
16.88         2.89378322571516
16.89         0.622778679952025
16.9          0.548176321238279
16.91         0.445371891260147
16.92         0.339326166920364
16.93         0.253587749451399
16.94         0.202835781387985
16.95         0.189680642522872
16.96         0.20624289913103
16.97         0.238958874698728
16.98         0.274127446599305
16.99         0.301919043324888
17            0.317668555229902
17.01         0.320622678212821
17.02         0.311489436998963
17.03         0.290468897726387
17.04         0.256887479424477
17.05         0.210344921909273
17.06         0.152252560313791
17.07         8.64190242346376E-02
17.08         1.81190994742792E-02
17.09         -4.77514510788023E-02
17.1          -0.108123441059142
17.11         -0.161760754231364
17.12         -0.207833963055164
17.13         -0.24414679851383
17.14         -0.266479251980782
17.15         -0.269939396660775
17.16         -0.252004122454673
17.17         -0.215732656046748
17.18         -0.171107491906732
17.19         -0.133013229109347
17.2          -0.115956718325615
17.21         -0.127623009905219
17.22         -0.164572808146477
17.23         -0.212863043602556
17.24         -0.253946585766971
17.25         -0.273154268916696
17.26         -0.266257057785988
17.27         -0.240432446133345
17.28         -0.209071763791144
17.29         -0.18348676007241
17.3          -0.166333258599043
17.31         -0.150524269547313
17.32         -0.124158461540937
17.33         -7.85340539272875E-02
17.34         -1.46169427782297E-02
17.35         5.57912858063355E-02
17.36         0.114971069628373
17.37         0.147709547840059
17.38         0.148696503024548
17.39         0.124934505829588
17.4          0.092006824510172
17.41         6.64504127623513E-02
17.42         5.84478083532304E-02
17.43         6.85190708655864E-02
17.44         8.93550665304065E-02
17.45         0.111058469228446
17.46         0.126505113635212
17.47         0.133951433133334
17.48         0.135884467810392
17.49         0.135283173043281
17.5          0.131889668349177
17.51         0.121063046073541
17.52         9.62846657540649E-02
17.53         5.40853423671797E-02
17.54         -1.61054160475032E-03
17.55         -5.87432480603457E-02
17.56         -0.101026383060962
17.57         -0.114743146989495
17.58         -9.48402573075146E-02
17.59         -4.70893041556701E-02
17.6          1.46718791965395E-02
17.61         7.45644660154358E-02
17.62         0.120823794454336
17.63         0.149225283181295
17.64         0.162550493795425
17.65         0.166879004817456
17.66         0.166940802577883
17.67         0.16305514505133
17.68         0.151160309566185
17.69         0.125682419529185
17.7          8.34431660547853E-02
17.71         2.63844026089646E-02
17.72         -3.82654605922289E-02
17.73         -0.100265431897715
17.74         -0.149776264484972
17.75         -0.180315431300551
17.76         -0.190176522955298
17.77         -0.182107182629406
17.78         -0.161768227703869
17.79         -0.135832226593047
17.8          -0.110459513347596
17.81         -9.04860642179847E-02
17.82         -0.079163698554039
17.83         -7.80545731075108E-02
17.84         -8.68409922067076E-02
17.85         -0.103226178679615
17.86         -0.123347270004451
17.87         -0.142863722685725
17.88         -0.158278682492673
17.89         -0.167654382158071
17.9          -0.1701734174788
17.91         -0.164890092685819
17.92         -0.149799963980913
17.93         -0.122318461546674
17.94         -8.12697834055871E-02
17.95         -2.92168030072935E-02
17.96         2.66095752292313E-02
17.97         7.58728536078706E-02
17.98         0.10873776415363
17.99         0.119641770673916
18            0.109046250460669
18.01         8.21010747458786E-02
18.02         0.045053413300775
18.03         1.71556108107325E-03
18.04         -4.76777533208951E-02
18.05         -0.104406055435538
18.06         -0.167321456316859
18.07         -0.229732333850116
18.08         -0.27952208776027
18.09         -0.303104511480778
18.1          -0.291539340186864
18.11         -0.245694611314684
18.12         -0.177541347742081
18.13         -0.106419324874878
18.14         -5.16333170514554E-02
18.15         -2.47168954764493E-02
18.16         -2.51497995690443E-02
18.17         -4.17786573339254E-02
18.18         -5.93163756933063E-02
18.19         -6.65299760084599E-02
18.2          -6.16739913169295E-02
18.21         -5.21847186237574E-02
18.22         -4.89291351288557E-02
18.23         -5.85606230702251E-02
18.24         -7.87290037516505E-02
18.25         -9.92076614499092E-02
18.26         -0.10834599156864
18.27         -0.100874638678506
18.28         -8.21231845300645E-02
18.29         -6.58069266797975E-02
18.3          -6.64711109921336E-02
18.31         -9.09868873748928E-02
18.32         -0.134151517543942
18.33         -0.180997746549547
18.34         -0.214431614018977
18.35         -0.223668149951845
18.36         -0.20859198147431
18.37         -0.177737741097808
18.38         -0.141504144547507
18.39         -0.105063255066052
18.4          -6.54959644423798E-02
18.41         -1.49391689000186E-02
18.42         5.23302731802687E-02
18.43         0.133520639520139
18.44         0.215981071349233
18.45         0.28213414862752
18.46         0.318005866482854
18.47         0.320337151363492
18.48         0.298001573290676
18.49         0.266812525000423
18.5          0.240728351790458
18.51         0.224550111070275
18.52         0.212272529639304
18.53         0.191857031006366
18.54         0.15349542254582
18.55         9.65120036713779E-02
18.56         0.031010089230258
18.57         -2.65067852893844E-02
18.58         -6.09294580388814E-02
18.59         -6.54744576523081E-02
18.6          -4.43468229705468E-02
18.61         -1.03810164774768E-02
18.62         2.04137764452025E-02
18.63         3.43568938574754E-02
18.64         2.34047437389381E-02
18.65         -0.014141819961369
18.66         -0.074477242003195
18.67         -0.14939604928717
18.68         -0.227182344831526
18.69         -0.293761245589703
18.7          -0.334881223216653
18.71         -0.339500815942884
18.72         -0.303543710466474
18.73         -0.232398042920977
18.74         -0.14058713668026
18.75         -4.79929593577981E-02
18.76         2.63874244317412E-02
18.77         7.07665532687679E-02
18.78         8.41490163467825E-02
18.79         7.53524742554873E-02
18.8          5.77651185169816E-02
18.81         4.23238462395966E-02
18.82         3.22487305034883E-02
18.83         2.22650072048418E-02
18.84         2.75284057832323E-03
18.85         -3.33732391521335E-02
18.86         -8.47831012029201E-02
18.87         -0.140161578152329
18.88         -0.182065192312002
18.89         -0.194444880746305
18.9          -0.170063983183354
18.91         -0.114009979236871
18.92         -4.15548140415922E-02
18.93         2.83853266574442E-02
18.94         8.06596538610756E-02
18.95         0.108450355231762
18.96         0.113216676525772
18.97         0.101010147901252
18.98         7.80292930360884E-02
18.99         4.81376733770594E-02
19            1.32464239513502E-02
19.01         -0.024655271305237
19.02         -6.19924544356763E-02
19.03         -0.09407396142371
19.04         -0.117277924111113
19.05         -0.131291013965383
19.06         -0.139600811898708
19.07         -0.147644342249259
19.08         -0.159692922960967
19.09         -0.176532063502818
19.1          -0.195561187304556
19.11         -0.213307961896062
19.12         -0.228633441030979
19.13         -0.244278050232679
19.14         -0.26538481766358
19.15         -0.29566285148263
19.16         -0.333530004769564
19.17         -0.370816017910838
19.18         -0.395147013142705
19.19         -0.394915390312672
19.2          -0.364174786917865
19.21         -0.304828727468848
19.22         -0.225138998776674
19.23         -0.135757025917992
19.24         -4.58415037672967E-02
19.25         3.85160800209269E-02
19.26         0.113119137659669
19.27         0.173342626634985
19.28         0.213090993650258
19.29         0.226489742137492
19.3          0.211577624604106
19.31         0.173439745232463
19.32         0.124114771876484
19.33         7.84901084471494E-02
19.34         4.80693020671606E-02
19.35         3.61527519416995E-02
19.36         3.73951664962806E-02
19.37         4.21420298097655E-02
19.38         4.29797348147258E-02
19.39         3.94854478770867E-02
19.4          3.81964748678729E-02
19.41         4.77379111200571E-02
19.42         0.07206808865536
19.43         0.106060022609308
19.44         0.136343099651858
19.45         0.147273400370032
19.46         0.128867809027433
19.47         8.23356211837381E-02
19.48         2.01153628807515E-02
19.49         -3.96417284198105E-02
19.5          -8.11945735942572E-02
19.51         -9.76653760951012E-02
19.52         -9.26272780448198E-02
19.53         -7.64241866581142E-02
19.54         -5.97164531517774E-02
19.55         -4.80804574582726E-02
19.56         -4.05533915665001E-02
19.57         -3.24330411362462E-02
19.58         -2.00558446208015E-02
19.59         -4.28191944840364E-03
19.6          9.43162565643433E-03
19.61         1.40690164163243E-02
19.62         4.91140533238649E-03
19.63         -1.83238102658652E-02
19.64         -5.20739458641037E-02
19.65         -9.12195517402142E-02
19.66         -0.131027743080631
19.67         -0.167399059832096
19.68         -0.195798273626715
19.69         -0.21054787511006
19.7          -0.205979536883533
19.71         -0.179373444858938
19.72         -0.133886784855276
19.73         -7.91071632876992E-02
19.74         -2.80483214696869E-02
19.75         8.35895565804094E-03
19.76         2.63848320138641E-02
19.77         3.11784616322257E-02
19.78         3.37569832359441E-02
19.79         4.48076246771962E-02
19.8          6.87901669694111E-02
19.81         0.101722283950076
19.82         0.133832095116377
19.83         0.155327720660716
19.84         0.161748986709863
19.85         0.155824130997062
19.86         0.145073221027851
19.87         0.137015017820522
19.88         0.135074811168015
19.89         0.137494105780497
19.9          0.139401449253783
19.91         0.136201039720327
19.92         0.125851851738989
19.93         0.108724114559591
19.94         0.085663143703714
19.95         5.62533437507227E-02
19.96         1.90698259044439E-02
19.97         -2.59409369830973E-02
19.98         -7.46905374666676E-02
19.99         -0.118209266792983
20            -0.145227039344609
20.01         -0.147121820440516
20.02         -0.122497596479952
20.03         -7.86090627405793E-02
20.04         -0.028620546895545
20.05         0.013885540610645
20.06         4.02315297536552E-02
20.07         4.91518089780584E-02
20.08         4.55655745742843E-02
20.09         3.67348399758339E-02
20.1          2.81218593427911E-02
20.11         0.021101068679709
20.12         1.34463530452922E-02
20.13         1.96521891688462E-03
20.14         -1.44228506216314E-02
20.15         -3.29716656287201E-02
20.16         -4.77189898956567E-02
20.17         -5.20681488979608E-02
20.18         -4.19351891241968E-02
20.19         -1.78388122783508E-02
20.2          1.50215004372876E-02
20.21         4.85462018894032E-02
20.22         7.43361002672464E-02
20.23         0.085874228188768
20.24         7.95583399292082E-02
20.25         5.46772770211101E-02
20.26         0.013038046087604
20.27         -0.041054630423896
20.28         -0.10039069022052
20.29         -0.154742359556258
20.3          -0.192098009381443
20.31         -0.201706081051379
20.32         -0.17812164735049
20.33         -0.124290489843115
20.34         -5.16376019641757E-02
20.35         2.35518788709305E-02
20.36         8.61035304050893E-02
20.37         0.127404671218246
20.38         0.147545807529241
20.39         0.153124836981297
20.4          0.152104918118566
20.41         0.148743856335059
20.42         0.141435284446925
20.43         0.124477929649875
20.44         9.24474670272321E-02
20.45         4.44133487530053E-02
20.46         -1.44549109507352E-02
20.47         -7.46474096830934E-02
20.48         -0.126200756924227
20.49         -0.162435212284327
20.5          -0.181660035084933
20.51         -0.186373786255717
20.52         -0.180900171138346
20.53         -0.169022941254079
20.54         -0.152803706070408
20.55         -0.132849242119119
20.56         -0.109436250608414
20.57         -8.35483793914318E-02
20.58         -5.70933465287089E-02
20.59         -3.21580369910225E-02
20.6          -9.80712482356466E-03
20.61         1.06854200118687E-02
20.62         3.14429065282457E-02
20.63         5.43873099423945E-02
20.64         7.92791719269007E-02
20.65         0.102750087417662
20.66         0.11933649119921
20.67         0.124342977739871
20.68         0.116999340830371
20.69         0.101772615686059
20.7          8.64884599205107E-02
20.71         0.077829756801948
20.72         7.67008421849459E-02
20.73         7.65156727423891E-02
20.74         6.60507738450542E-02
20.75         3.57898294273764E-02
20.76         -1.56825852685142E-02
20.77         -7.90694487467408E-02
20.78         -0.137363813370466
20.79         -0.173057976868004
20.8          -0.175694066137075
20.81         -0.145756002226844
20.82         -0.093112386809662
20.83         -3.13117553084157E-02
20.84         0.028853473928757
20.85         8.30892633274198E-02
20.86         0.133063378119841
20.87         0.182502363044769
20.88         0.232567575629801
20.89         0.279324598051608
20.9          0.314720352552831
20.91         0.330391986854374
20.92         0.321986066177487
20.93         0.291463947650045
20.94         0.246137282084674
20.95         0.195201145000756
20.96         0.145930660385638
20.97         0.101729410244152
20.98         6.28352574817836E-02
20.99         2.87558619724587E-02
21            4.76575984139345E-04
21.01         -1.92097570840269E-02
21.02         -2.75493506924249E-02
21.03         -2.46155787608586E-02
21.04         -1.50330201373436E-02
21.05         -7.11810283537489E-03
21.06         -9.43253528675996E-03
21.07         -0.026426036611665
21.08         -5.56368325185031E-02
21.09         -8.82271843124181E-02
21.1          -0.112779268249869
21.11         -0.120358511405066
21.12         -0.108113902788609
21.13         -7.95976441819221E-02
21.14         -4.19814278092235E-02
21.15         -2.13175364289782E-03
21.16         3.60280897608027E-02
21.17         7.15183179080486E-02
21.18         0.104149481439963
21.19         0.132068474376574
21.2          0.150896618412808
21.21         0.155138234328479
21.22         0.140938709657639
21.23         0.108398086605594
21.24         6.20010927831754E-02
21.25         8.99859822413419E-03
21.26         -4.31479290593416E-02
21.27         -8.87232383340597E-02
21.28         -0.124191434355453
21.29         -0.147350300392136
21.3          -0.156342450119555
21.31         -0.149667816907167
21.32         -0.127477450780571
21.33         -9.32635373342782E-02
21.34         -0.054426605058834
21.35         -2.06291321385652E-02
21.36         -1.90195892428164E-04
21.37         3.77851300989278E-03
21.38         -4.7663592666504E-03
21.39         -1.63529114413541E-02
21.4          -2.05257483408786E-02
21.41         -1.11568746145349E-02
21.42         1.02500057278667E-02
21.43         3.50625088904053E-02
21.44         5.16328876465559E-02
21.45         5.09417833015323E-02
21.46         3.09392305696383E-02
21.47         -2.51911240804475E-03
21.48         -3.84849435975775E-02
21.49         -6.59668754367158E-02
21.5          -7.87017411086708E-02
21.51         -7.74277515895665E-02
21.52         -6.88057671580464E-02
21.53         -6.18163892906159E-02
21.54         -6.35727466922253E-02
21.55         -7.65362384961918E-02
21.56         -0.098191981818527
21.57         -0.122928627636284
21.58         -0.144873072663322
21.59         -0.160185824967921
21.6          -0.167852566223592
21.61         -0.168922277782112
21.62         -0.164943503346294
21.63         -0.156644970439374
21.64         -0.1435737299826
21.65         -0.124734403146431
21.66         -9.96584635041654E-02
21.67         -6.91650146059692E-02
21.68         -3.54079240188003E-02
21.69         -1.33678284793859E-03
21.7          2.99444684386253E-02
21.71         5.55159778799862E-02
21.72         0.072664614287205
21.73         7.89608093071729E-02
21.74         7.27874560654163E-02
21.75         5.43543599685654E-02
21.76         2.67040123301558E-02
21.77         -4.05353114503669E-03
21.78         -2.98101766244508E-02
21.79         -4.27037462359294E-02
21.8          -3.77120033581741E-02
21.81         -1.44865475851111E-02
21.82         2.23598828469403E-02
21.83         0.064573940760456
21.84         0.102575438395143
21.85         0.127907531764358
21.86         0.135172953028232
21.87         0.123189888540655
21.88         9.53032836969942E-02
21.89         5.87828629463911E-02
21.9          2.31995841278695E-02
21.91         -2.08871793583967E-03
21.92         -1.07353851548396E-02
21.93         -1.45556969058816E-03
21.94         2.16569561627693E-02
21.95         5.08636909956113E-02
21.96         7.78899283055216E-02
21.97         9.69709187373519E-02
21.98         0.106395049793646
21.99         0.107924653999507
22            0.104668960869312
22.01         9.88049527443945E-02
22.02         9.04822269827127E-02
22.03         7.83546631783247E-02
22.04         6.11067520128563E-02
22.05         3.87874456448481E-02
22.06         1.30797828733921E-02
22.07         -0.0135182532412
22.08         -3.88793565658852E-02
22.09         -6.19438311830163E-02
22.1          -8.25437363795936E-02
22.11         -0.100645528323948
22.12         -0.115681497193873
22.13         -0.126510019814596
22.14         -0.132038945937529
22.15         -0.132031499873847
22.16         -0.127448452245444
22.17         -0.119976450679824
22.18         -0.110974187096581
22.19         -0.100547349918634
22.2          -8.74630811344832E-02
22.21         -7.00923830084503E-02
22.22         -4.78360347077251E-02
22.23         -2.20780744613148E-02
22.24         4.05146748904372E-03
22.25         2.70576660940424E-02
22.26         0.044785309326835
22.27         5.73810478113592E-02
22.28         6.68976196926087E-02
22.29         7.57657947437838E-02
22.3          8.50506661366671E-02
22.31         9.35289004258811E-02
22.32         9.81367256306112E-02
22.33         9.55193565879017E-02
22.34         8.37832090537995E-02
22.35         6.34356568939984E-02
22.36         0.036995938711334
22.37         7.57337766699493E-03
22.38         -2.26432192744687E-02
22.39         -5.29797709314153E-02
22.4          -8.35316874179989E-02
22.41         -0.113551941253245
22.42         -0.14009670146741
22.43         -0.158025041241199
22.44         -0.161701861806214
22.45         -0.147703490490094
22.46         -0.117065204232931
22.47         -0.075684829079546
22.48         -3.24059543665499E-02
22.49         4.37667232181411E-03
22.5          2.98353881738149E-02
22.51         4.38858339702711E-02
22.52         4.98817607620731E-02
22.53         5.17738512251526E-02
22.54         5.15781796351075E-02
22.55         4.87079459242523E-02
22.56         4.14299074653536E-02
22.57         2.92810173123144E-02
22.58         1.46650852344465E-02
22.59         2.43132651492488E-03
22.6          -2.41233962355182E-03
22.61         2.52839543391019E-03
22.62         1.54810664628167E-02
22.63         0.031140061870683
22.64         4.31474448367953E-02
22.65         0.047016428662464
22.66         0.041896748249419
22.67         3.03370587201789E-02
22.68         1.64121156418696E-02
22.69         3.50824345339788E-03
22.7          -6.8605940847192E-03
22.71         -1.46257707034238E-02
22.72         -0.019665284876246
22.73         -2.04957904969342E-02
22.74         -1.42597784008831E-02
22.75         1.79799682897283E-03
22.76         2.82388470531441E-02
22.77         6.21018978673965E-02
22.78         9.73336379695684E-02
22.79         0.126919918768108
22.8          0.14561533100903
22.81         0.151770740607753
22.82         0.14728100175038
22.83         0.135796403260902
22.84         0.120369831249118
22.85         0.101997623853385
22.86         7.98833172116429E-02
22.87         5.31087477179244E-02
22.88         2.24727478134446E-02
22.89         -8.83583435264882E-03
22.9          -3.62805821257643E-02
22.91         -5.61243532598019E-02
22.92         -6.73092728108168E-02
22.93         -7.18335467856377E-02
22.94         -7.33441749494523E-02
22.95         -7.48153846571222E-02
22.96         -7.67712554521859E-02
22.97         -7.71632655803114E-02
22.98         -7.29529185639694E-02
22.99         -6.23712580790743E-02
23            -4.64120915159583E-02
23.01         -2.86203002161346E-02
23.02         -1.33165962493513E-02
23.03         -3.36953253747197E-03
23.04         1.13078476955707E-03
23.05         2.54811465478269E-03
23.06         4.02278729598038E-03
23.07         7.54893927485682E-03
23.08         1.29838656960055E-02
23.09         1.84983450849541E-02
23.1          2.20352299022488E-02
23.11         2.27408403670415E-02
23.12         2.14228254253976E-02
23.13         1.97681958717294E-02
23.14         1.88633483857848E-02
23.15         1.80068340757862E-02
23.16         1.46431604598183E-02
23.17         5.59655168442987E-03
23.18         -1.09745008719619E-02
23.19         -3.39269864629023E-02
23.2          -5.87139388918877E-02
23.21         -7.85278960783035E-02
23.22         -8.65753093454987E-02
23.23         -7.84974996931851E-02
23.24         -0.053905293806456
23.25         -1.64328709733672E-02
23.26         2.75927639845759E-02
23.27         7.11928838118911E-02
23.28         0.108617028286681
23.29         0.136404221327975
23.3          0.153451696336269
23.31         0.160387791451067
23.32         0.158751466423273
23.33         0.150393273644149
23.34         0.137189940931275
23.35         0.120906349830329
23.36         0.103011658955365
23.37         8.44495906401426E-02
23.38         6.55804521404207E-02
23.39         4.65016498463228E-02
23.4          2.76632983074524E-02
23.41         1.03661791677587E-02
23.42         -3.3340161270462E-03
23.43         -1.14539622771554E-02
23.44         -1.32388065825216E-02
23.45         -9.90538773941808E-03
23.46         -4.38393651653314E-03
23.47         -5.54399617567469E-05
23.48         8.68381830878207E-04
23.49         -1.60065201591351E-03
23.5          -5.36440637370106E-03
23.51         -7.49736215046141E-03
23.52         -5.89265548449475E-03
23.53         -3.4129084993765E-04
23.54         7.54584264883306E-03
23.55         1.54481393296737E-02
23.56         2.17408545711078E-02
23.57         2.63245577272028E-02
23.58         0.030420810948126
23.59         3.55401967163198E-02
23.6          4.23207581788302E-02
23.61         4.99497574847192E-02
23.62         5.64656981779262E-02
23.63         5.96790492441505E-02
23.64         0.0581166595174
23.65         5.14530903333798E-02
23.66         4.02775902813301E-02
23.67         2.54861195362173E-02
23.68         7.80493597208988E-03
23.69         -1.21810190042015E-02
23.7          -3.35132753988728E-02
23.71         -0.054269081982784
23.72         -7.14318750472739E-02
23.73         -0.081524749416858
23.74         -8.18528695777059E-02
23.75         -7.17917026486248E-02
23.76         -5.34494668012485E-02
23.77         -3.12756190588698E-02
23.78         -1.06713855522685E-02
23.79         3.86789775104262E-03
23.8          1.02968120039441E-02
23.81         9.57582975737751E-03
23.82         4.99327605881263E-03
23.83         5.76231539453147E-04
23.84         -6.55626692387159E-04
23.85         2.21769971874892E-03
23.86         8.02306623780169E-03
23.87         1.44558862480335E-02
23.88         1.93775767413899E-02
23.89         2.17386344564147E-02
23.9          2.17352266260423E-02
23.91         2.02979718823917E-02
23.92         1.83634171576705E-02
23.93         1.63923595903907E-02
23.94         0.014332589940168
23.95         1.18885577225592E-02
23.96         8.79559648688883E-03
23.97         4.88079253176693E-03
23.98         -6.65081656870825E-05
23.99         -6.39767333341297E-03
24            -1.44662353629246E-02
24.01         -2.42351100314409E-02
24.02         -3.48645737883635E-02
24.03         -4.46140818390995E-02
24.04         -5.12479170178995E-02
24.05         -5.28311876999214E-02
24.06         -4.85378056531772E-02
24.07         -0.039045892576687
24.08         -0.026305218518246
24.09         -1.27995790459681E-02
24.1          -6.92423323271214E-04
24.11         8.72239551390521E-03
24.12         1.50505423697177E-02
24.13         1.84146727994084E-02
24.14         1.89977327047382E-02
24.15         1.68541936960537E-02
24.16         1.21082702768035E-02
24.17         5.36013059725519E-03
24.18         -2.05309360317187E-03
24.19         -8.22547868534457E-03
24.2          -1.12947010248899E-02
24.21         -1.02169164258521E-02
24.22         -5.28741613088641E-03
24.23         1.89821205247426E-03
24.24         9.05390637461096E-03
24.25         1.40912483981811E-02
24.26         1.58517548104282E-02
24.27         1.43491048982833E-02
24.28         1.04657828318886E-02
24.29         5.34309886861593E-03
24.3          -1.60569434719946E-04
24.31         -5.66533412667923E-03
24.32         -1.10944658657536E-02
24.33         -1.63427302055061E-02
24.34         -2.10721934842877E-02
24.35         -2.47868587821722E-02
24.36         -2.71122347773053E-02
24.37         -2.80467568826862E-02
24.38         -2.79695941926911E-02
24.39         -2.73646060866304E-02
24.4          -2.64352071471512E-02
24.41         -2.48889475129545E-02
24.42         -2.20880330004729E-02
24.43         -1.75296784378588E-02
24.44         -1.13812101236545E-02
24.45         -0.004713227833563
24.46         7.78089243831346E-04
24.47         3.46616262977477E-03
24.48         2.54383973486256E-03
24.49         -1.59171459818026E-03
24.5          -7.53612679196522E-03
24.51         -1.35381017974578E-02
24.52         -0.018244404620491
24.53         -0.021126239115838
24.54         -2.23995434143581E-02
24.55         -2.25632882933132E-02
24.56         -0.02189575325232
24.57         -2.02407947927713E-02
24.58         -1.72042032284662E-02
24.59         -0.012602471918799
24.6          -6.84223131509498E-03
24.61         -9.58556288751424E-04
24.62         3.73657893767813E-03
24.63         6.19689285289496E-03
24.64         6.06701043318026E-03
24.65         3.76930650032591E-03
24.66         2.44635900544381E-04
24.67         -3.4698511150782E-03
24.68         -6.58885330252815E-03
24.69         -8.71180371672381E-03
24.7          -9.75668802042492E-03
24.71         -9.8200709244702E-03
24.72         -9.08767747110687E-03
24.73         -7.83460773644038E-03
24.74         -6.45995074824896E-03
24.75         -5.46699988364708E-03
24.76         -5.34304405096918E-03
24.77         -6.37524834775832E-03
24.78         -8.49919347383548E-03
24.79         -0.011275019205641
24.8          -1.40236513875425E-02
24.81         -1.60713189002126E-02
24.82         -1.69936874764971E-02
24.83         -1.67497409542557E-02
24.84         -1.56503616285045E-02
24.85         -0.014185712907929
24.86         -1.28007599094417E-02
24.87         -1.17270523728803E-02
24.88         -1.09424668096472E-02
24.89         -1.02601698332001E-02
24.9          -9.48216124554165E-03
24.91         -8.52765639487188E-03
24.92         -7.47353474667762E-03
24.93         -6.50204042263795E-03
24.94         -5.80123678024393E-03
24.95         -5.47825805784669E-03
24.96         -5.52276370581239E-03
24.97         -5.82162437669467E-03
24.98         -6.20196405623574E-03
24.99         -6.47920544666704E-03
25            -6.49991224170663E-03
