Horizontal-Spectrum-NTC - Comune Norcia (PG) - SLV q=4 VR=50 Suolo=B Topo=T4 h/H=1 (25)
Time (s)      Acc. (m/s^2)
0             1.99175853794441E-02
0.01          2.11349711101502E-02
0.02          2.29235955490731E-02
0.03          2.56642037979327E-02
0.04          2.95922376494855E-02
0.05          3.43980162288062E-02
0.06          3.91863171150908E-02
0.07          4.28744483878836E-02
0.08          4.47694898676127E-02
0.09          4.49302882980555E-02
9.999999E-02  4.40919072087854E-02
0.11          0.043254818902351
0.12          4.32527723768726E-02
0.13          4.45515257678926E-02
0.14          0.047279772637412
0.15          5.12906199647114E-02
0.16          5.60882604075596E-02
0.17          6.06853048084304E-02
0.18          6.36506654089317E-02
0.19          6.35456622065976E-02
0.2           5.96375751262531E-02
0.21          5.24596291221678E-02
0.22          4.37615806376562E-02
0.23          3.57356787286699E-02
0.24          2.99008427280933E-02
0.25          2.63193980162032E-02
0.26          2.36708834138699E-02
0.27          0.020187786128372
0.28          1.49037087347824E-02
0.29          8.43942339532077E-03
0.3           2.79950410011224E-03
0.31          2.26010837759532E-04
0.32          1.71528113991371E-03
0.33          6.04400529409759E-03
0.34          9.93931986275129E-03
0.35          9.46790408925153E-03
0.36          2.06369967578212E-03
0.37          -1.18177824304439E-02
0.38          -2.83877843152732E-02
0.39          -4.19471439393237E-02
0.4           -4.75191613007337E-02
0.41          -4.33927401015535E-02
0.42          -3.21293856343255E-02
0.43          -1.93001582357101E-02
0.44          -1.05049180635251E-02
0.45          -8.33085476187989E-03
0.46          -1.10852153878659E-02
0.47          -0.014119642797159
0.48          -1.29231745668221E-02
0.49          -5.9554633742664E-03
0.5           4.67096742504509E-03
0.51          1.50724534399342E-02
0.52          2.26091638114303E-02
0.53          0.027742482398171
0.54          3.32657211902551E-02
0.55          4.14336304971948E-02
0.56          5.12270451989025E-02
0.57          5.80731662828475E-02
0.58          5.66009835619479E-02
0.59          4.46287181507796E-02
0.6           2.53613271634094E-02
0.61          5.79123198869638E-03
0.62          -7.99346699262969E-03
0.63          -1.53918541688472E-02
0.64          -2.22253375011496E-02
0.65          -3.68006668332964E-02
0.66          -6.33813189016655E-02
0.67          -9.75224756263196E-02
0.68          -0.1268615836557
0.69          -0.137439014045522
0.7           -0.121829789634794
0.71          -8.39601512812078E-02
0.72          -3.75080771441571E-02
0.73          1.10028731440252E-03
0.74          2.07003699545749E-02
0.75          1.96294112945907E-02
0.76          4.16942564304918E-03
0.77          -1.69531406904571E-02
0.78          -3.78581517725252E-02
0.79          -0.057156925862655
0.8           -7.55495665362105E-02
0.81          -9.20118677336723E-02
0.82          -0.102098305597901
0.83          -0.100060697123408
0.84          -8.33537950180471E-02
0.85          -5.59978843806311E-02
0.86          -2.77944312547334E-02
0.87          -9.25303718657233E-03
0.88          -5.32039408455603E-03
0.89          -1.22023270803038E-02
0.9           -1.97839353885502E-02
0.91          -1.84296071820427E-02
0.92          -5.84910058008973E-03
0.93          1.05914214521181E-02
0.94          0.017930883084191
0.95          5.75221438659355E-03
0.96          -2.66104043461382E-02
0.97          -6.83521374268457E-02
0.98          -0.102175360936671
0.9899999     -0.113065306730568
1             -9.56984732486308E-02
1.01          -5.62878651637584E-02
1.02          -8.1991388060851E-03
1.03          3.55592732573859E-02
1.04          6.82688054675236E-02
1.05          9.06572049111128E-02
1.06          0.107502311440185
1.07          0.122826977446675
1.08          0.137293802099302
1.09          0.149274792652577
1.1           0.158094568289816
1.11          0.166337022744119
1.12          0.179020638484508
1.13          0.200047262515873
1.14          0.228613085411489
1.15          0.258479402158409
1.16          0.280993905030191
1.17          0.290000736750662
1.18          0.285273445621133
1.19          0.271987895574421
1.2           0.256359804756939
1.21          0.240233914889395
1.22          0.2182168090716
1.23          0.179492837693542
1.24          0.113603679975495
1.25          1.70808806538116E-02
1.26          -0.102734309071675
1.27          -0.228860258180648
1.28          -0.340419413521886
1.29          -0.420283389240503
1.3           -0.461125715486705
1.31          -0.467222168706358
1.32          -0.451398945339024
1.33          -0.428743908293545
1.34          -0.410151041597128
1.35          -0.39873618029058
1.36          -0.390651271753013
1.37          -0.379506515264511
1.38          -0.361714205481112
1.39          -0.339655036255717
1.4           -0.320915989167988
1.41          -0.314219319261611
1.42          -0.324573970735073
1.43          -0.350469461604953
1.44          -0.384490791521966
1.45          -0.416564121544361
1.46          -0.437619908563793
1.47          -0.441644876003265
1.48          -0.425638050064445
1.49          -0.388641145192087
1.5           -0.331580287255347
1.51          -0.258601828236133
1.52          -0.178808823097497
1.53          -0.106214151559398
1.54          -5.63980623381212E-02
1.55          -4.05573749821633E-02
1.56          -5.98400121275336E-02
1.57          -0.103418351076543
1.58          -0.152007973110303
1.59          -0.185531202480197
1.6           -0.191238852404058
1.61          -0.168361164350063
1.62          -0.127298790933564
1.63          -8.42279720306397E-02
1.64          -5.40630498575047E-02
1.65          -4.50141136161983E-02
1.66          -5.66540561802685E-02
1.67          -8.15011961013079E-02
1.68          -0.108731122082099
1.69          -0.128274535909295
1.7           -0.133985694162548
1.71          -0.125248519582674
1.72          -0.106856413381174
1.73          -8.72744810208678E-02
1.74          -7.56728788325563E-02
1.75          -7.85005877539516E-02
1.76          -9.67106171417981E-02
1.77          -0.124723485298455
1.78          -0.151750174853951
1.79          -0.165323280002922
1.8           -0.156108086407185
1.81          -0.122456510653719
1.82          -7.28622958576307E-02
1.83          -2.47181197372265E-02
1.84          1.13429052937136E-03
1.85          -1.13742756913416E-02
1.86          -6.59220985556021E-02
1.87          -0.150847291667014
1.88          -0.243262260966003
1.89          -0.319029823578894
1.9           -0.363782877288759
1.91          -0.379000877290964
1.92          -0.379567216672003
1.93          -0.384099612794817
1.94          -0.403691585920751
1.95          -0.435653745755553
1.96          -0.465714354515076
1.97          -0.476800419576466
1.98          -0.458617479242384
1.99          -0.412185214832425
2             -0.347282107807696
2.01          -0.274149264022708
2.02          -0.202590655144304
2.03          -0.13489193036221
2.04          -7.10232643084601E-02
2.05          -1.21752951282542E-02
2.06          0.038764673480764
2.07          8.00226910784841E-02
2.08          0.11377192446962
2.09          0.145196405416355
2.1           0.177144047711045
2.11          0.204153031166643
2.12          0.211507019475102
2.13          0.18225199257955
2.14          0.109199621099979
2.15          4.22880857193377E-03
2.16          -0.10248857983388
2.17          -0.174839915838093
2.18          -0.188495265729725
2.19          -0.143623285135254
2.2           -0.064731742492877
2.21          1.23928994871676E-02
2.22          5.87733018351719E-02
2.23          6.47732120426372E-02
2.24          4.06856254348531E-02
2.25          6.92843377764802E-03
2.26          -1.84665360033978E-02
2.27          -2.70309539115988E-02
2.28          -1.87519920466002E-02
2.29          3.86836941121146E-03
2.3           4.01656526466832E-02
2.31          9.00247189030051E-02
2.32          0.148447923269123
2.33          0.201732101161033
2.34          0.230506011843681
2.35          0.219748706482351
2.36          0.169850596357137
2.37          0.100502856262028
2.38          4.29096139082685E-02
2.39          2.34512268193066E-02
2.4           0.048290669429116
2.41          9.88187850639224E-02
2.42          0.141538624847308
2.43          0.146900238376111
2.44          0.105808902969584
2.45          3.38969760853797E-02
2.46          -3.86039527086541E-02
2.47          -8.45634651649743E-02
2.48          -9.39918537251651E-02
2.49          -7.61563065228984E-02
2.5           -0.049714658302255
2.51          -2.86440339731053E-02
2.52          -0.013891784112202
2.53          4.14667631965131E-03
2.54          3.54047491634265E-02
2.55          8.07614593673497E-02
2.56          0.130899515468627
2.57          0.173946150653064
2.58          0.205263947322965
2.59          0.230879594106227
2.6           0.261022520698607
2.61          0.298366183731705
2.62          0.33055424708873
2.63          0.334309438616037
2.64          0.290108380336314
2.65          0.19792216507718
2.66          8.22891540918499E-02
2.67          -1.86998376238626E-02
2.68          -7.49385873181745E-02
2.69          -8.27501887734979E-02
2.7           -6.76004047645256E-02
2.71          -6.84072108892724E-02
2.72          -0.1131287124753
2.73          -0.201392176933587
2.74          -0.305230887997895
2.75          -0.386700308136642
2.76          -0.419933506473899
2.77          -0.402976727262139
2.78          -0.352816862873733
2.79          -0.289253901131451
2.8           -0.22060038998723
2.81          -0.141593378540128
2.82          -4.37751160282642E-02
2.83          7.11518893484026E-02
2.84          0.186444811653346
2.85          0.27833996348083
2.86          0.330971957556903
2.87          0.346550548039377
2.88          0.342690837532282
2.89          0.338812269754708
2.9           0.342178767621517
2.91          0.344636388905346
2.92          0.332771401628852
2.93          0.303477527294308
2.94          0.272065919358283
2.95          0.265259413160384
2.96          0.30290830085054
2.97          0.381464016884565
2.98          0.471978403553367
2.99          0.535450294911861
3             2.89378322571516
3.01          0.505678940601647
3.02          0.442630643472075
3.03          0.391303090117872
3.04          0.371316503025591
3.05          0.377571269609034
3.06          0.388150454163551
3.07          0.383010861240327
3.08          0.359106822386384
3.09          0.330808052793145
3.1           0.315770512484014
3.11          0.31751195948571
3.12          0.318572827130556
3.13          0.290374154560268
3.14          0.213412681873888
3.15          9.34554173704237E-02
3.16          -3.81616473896429E-02
3.17          -0.140933419754729
3.18          -0.187419158779085
3.19          -0.176615075692534
3.2           -0.130323327183723
3.21          -7.62645165575668E-02
3.22          -3.02994218375534E-02
3.23          1.04264123411849E-02
3.24          6.02642184868455E-02
3.25          0.130620457101613
3.26          0.219297666884959
3.27          0.310478745773435
3.28          0.383669586628676
3.29          0.423695751205087
3.3           0.424479862824082
3.31          0.38557811781764
3.32          0.306833810806274
3.33          0.18768489645794
3.34          3.28134527639486E-02
3.35          -0.140797928804532
3.36          -0.302962259687483
3.37          -0.419218720905483
3.38          -0.465709128566086
3.39          -0.440774810314178
3.4           -0.365404675640166
3.41          -0.271932858657092
3.42          -0.188304427228868
3.43          -0.12792020377703
3.44          -9.04928707424551E-02
3.45          -7.10724037606269E-02
3.46          -6.86112421704456E-02
3.47          -8.65733907278627E-02
3.48          -0.125176452649757
3.49          -0.172340614870191
3.5           -0.202353532277048
3.51          -0.18587101707235
3.52          -0.106085211317986
3.53          2.95906273811124E-02
3.54          0.190749641451985
3.55          0.337994317375124
3.56          0.440886747948825
3.57          0.488630652464926
3.58          0.487914880178869
3.59          0.451692841015756
3.6           0.388698776811361
3.61          0.301681920457631
3.62          0.194446105007082
3.63          8.01009158603847E-02
3.64          -1.83043568534777E-02
3.65          -7.73831117525697E-02
3.66          -0.087081934036687
3.67          -5.79788251128048E-02
3.68          -1.56979239312932E-02
3.69          1.46223948500119E-02
3.7           2.30621722759679E-02
3.71          1.81526535842568E-02
3.72          1.61916938843206E-02
3.73          2.47764457133599E-02
3.74          3.34830343304202E-02
3.75          1.96961791883223E-02
3.76          -3.37789377034642E-02
3.77          -0.122112804008648
3.78          -0.21585999744013
3.79          -0.275747618693858
3.8           -0.275583421569318
3.81          -0.217732294164598
3.82          -0.130542689133436
3.83          -4.97782330680639E-02
3.84          2.75715803902131E-03
3.85          0.028870887667872
3.86          4.65736299846321E-02
3.87          7.29013534309342E-02
3.88          0.110714168725535
3.89          0.148895920487121
3.9           0.174115738179535
3.91          0.183173056952655
3.92          0.185109819229692
3.93          0.19133118359372
3.94          0.202507862225175
3.95          0.204326455928385
3.96          0.177355095651001
3.97          0.114573787869886
3.98          3.28291899967007E-02
3.99          -3.22581454343163E-02
4             -4.65310686500743E-02
4.01          3.81949376896955E-04
4.02          8.62388020846993E-02
4.03          0.167559182178229
4.04          0.204038535375148
4.05          0.180062612313777
4.06          0.110011086724699
4.07          0.025750258367043
4.08          -4.33270776970312E-02
4.09          -8.37908469792455E-02
4.1           -9.79667726531625E-02
4.11          -9.38134222850204E-02
4.12          -7.53100728057325E-02
4.13          -4.14152437448502E-02
4.14          6.97362807230093E-03
4.15          6.00140079064295E-02
4.16          9.99105059076101E-02
4.17          0.110892472257838
4.18          0.090937487538904
4.19          5.54923514742404E-02
4.2           2.88949526147917E-02
4.21          2.85253629041836E-02
4.22          5.26673331856728E-02
4.23          8.09712190926075E-02
4.24          8.76602419372648E-02
4.25          5.86585228191689E-02
4.26          1.13285263680154E-03
4.27          -6.06789733702317E-02
4.28          -0.100131548931822
4.29          -0.103448975868523
4.3           -7.61135167814791E-02
4.31          -3.74354551825672E-02
4.32          -8.1358484068187E-03
4.33          5.01369513258396E-04
4.34          -1.03739735519048E-02
4.35          -3.23301095841452E-02
4.36          -5.79447833541781E-02
4.37          -8.60038353782147E-02
4.38          -0.120459522055462
4.39          -0.164796007331461
4.4           -0.216526653114706
4.41          -0.266076671183109
4.42          -0.300965234544128
4.43          -0.31249512154609
4.44          -0.300552293211222
4.45          -0.273442372195423
4.46          -0.242898034248501
4.47          -0.217403552737087
4.48          -0.198028529584408
4.49          -0.179506249744445
4.5           -0.15612111473456
4.51          -0.128816097714007
4.52          -0.108611619612202
4.53          -0.113075977899134
4.54          -0.15659506810829
4.55          -0.239455486033112
4.56          -0.342467181533575
4.57          -0.431476567983627
4.58          -0.470620643533766
4.59          -0.437827813625336
4.6           -0.334338382333517
4.61          -0.183266959581524
4.62          -1.85094502265565E-02
4.63          0.129408521158621
4.64          0.242971215806901
4.65          0.31898648109287
4.66          0.363361695036292
4.67          0.384624363854527
4.68          0.390632377937436
4.69          0.388970379978418
4.7           0.38793714042753
4.71          0.394822273403406
4.72          0.411422847546637
4.73          0.430452026166022
4.74          0.437203952260315
4.75          0.417351631857455
4.76          0.366675933413208
4.77          0.295888901185244
4.78          0.226207010988146
4.79          0.177466905377805
4.8           0.156133759338409
4.81          0.151216579880565
4.82          0.14112182800658
4.83          0.107164872279391
4.84          4.49134729849175E-02
4.85          -3.39713225187734E-02
4.86          -0.110195986647159
4.87          -0.169408364128321
4.88          -0.210187010541558
4.89          -0.242420353274792
4.9           -0.278101634625345
4.91          -0.321750679202378
4.92          -0.367301256582141
4.93          -0.402891723364592
4.94          -0.418982420302928
4.95          -0.41323584984988
4.96          -0.388921336457133
4.97          -0.349345736391842
4.98          -0.294105646591634
4.99          -0.221188144795597
5             -0.133537276675925
5.01          -0.044121728008613
5.02          2.63078977307305E-02
5.03          5.94712309772149E-02
5.04          5.20567650999874E-02
5.05          0.021801508013159
5.06          1.65832346363459E-03
5.07          2.39540782291442E-02
5.08          0.103156167408451
5.09          0.227251140978187
5.1           0.362780737616122
5.11          0.47049792509526
5.12          0.52267537124455
5.13          0.512939501367509
5.14          0.454780865237117
5.15          0.371769406422973
5.16          0.286473422180861
5.17          0.214080342538655
5.18          0.162175742089748
5.19          0.133706590114161
5.2           0.12893196394667
5.21          0.144541937531903
5.22          0.171763750500977
5.23          0.197048792056739
5.24          0.207226108442992
5.25          0.197067594509572
5.26          0.17417806584388
5.27          0.156745250187814
5.28          0.164030131716281
5.29          0.204618414714932
5.3           0.269687290303409
5.31          0.335890744999051
5.32          0.376599133461714
5.33          0.374987640827894
5.34          0.33144327968359
5.35          0.26148262348026
5.36          0.186207944601774
5.37          0.121536168046296
5.38          7.23794072074816E-02
5.39          3.42079794360325E-02
5.4           -3.66651077893039E-04
5.41          -3.50088698230684E-02
5.42          -6.72366942465305E-02
5.43          -9.09682950563729E-02
5.44          -0.10151744867675
5.45          -9.93910356145352E-02
5.46          -9.06373791955411E-02
5.47          -8.39803789928556E-02
5.48          -8.66725923959166E-02
5.49          -0.101087038787082
5.5           -0.123122837422416
5.51          -0.142708597881719
5.52          -0.146469764532521
5.53          -0.122449822900817
5.54          -6.59274706849828E-02
5.55          1.59467012586538E-02
5.56          0.103578208470717
5.57          0.17003630027175
5.58          0.190578208398074
5.59          0.15253296171315
5.6           6.08282326860353E-02
5.61          -6.34289325959981E-02
5.62          -0.190276930611581
5.63          -0.290352976676077
5.64          -0.342472809478641
5.65          -0.33739541631192
5.66          -0.278287521265447
5.67          -0.17942641697824
5.68          -6.38136474089697E-02
5.69          4.09892695164308E-02
5.7           0.109547046208754
5.71          0.126690269373357
5.72          0.093690539393574
5.73          2.85090820631012E-02
5.74          -4.13822754984722E-02
5.75          -9.07992831151933E-02
5.76          -0.107269062353298
5.77          -9.45081720035523E-02
5.78          -6.74407620728016E-02
5.79          -0.04226839362178
5.8           -2.77625616453588E-02
5.81          -2.25401118490845E-02
5.82          -1.88593318511266E-02
5.83          -9.42127425747458E-03
5.84          7.56357958365697E-03
5.85          2.77842191839591E-02
5.86          4.40490261046216E-02
5.87          5.03847629204392E-02
5.88          4.43297244329006E-02
5.89          2.68574172304943E-02
5.9           1.37644641319639E-03
5.91          -0.026505277804099
5.92          -0.048280994114466
5.93          -5.25189646566287E-02
5.94          -2.73584665101953E-02
5.95          3.43663110723719E-02
5.96          0.129762624884024
5.97          0.243850563950837
5.98          0.35313104107976
5.99          0.433784098550677
6             0.470566300973296
6.01          0.461858079247177
6.02          0.418559776246548
6.03          0.358151460438967
6.04          0.29772019430995
6.05          0.249485982488841
6.06          0.219852110836655
6.07          0.21039308834821
6.08          0.218610619045794
6.09          0.237896033618599
6.1           0.25824385073036
6.11          0.26947931215167
6.12          0.266548724211752
6.13          0.253526170961559
6.14          0.242295094951987
6.15          0.244876914750785
6.16          0.263374234288931
6.17          0.284676645901054
6.18          0.285226631350815
6.19          0.244667840246111
6.2           0.160326194688678
6.21          5.24791898857802E-02
6.22          -4.45460302988067E-02
6.23          -0.101090537980199
6.24          -0.109194797147065
6.25          -8.67844569403678E-02
6.26          -6.59541349019855E-02
6.27          -7.28032298432663E-02
6.28          -0.111896475730464
6.29          -0.165148813705891
6.3           -0.205020958967507
6.31          -0.212371292766184
6.32          -0.186829996984452
6.33          -0.143685119440779
6.34          -0.101292787687853
6.35          -0.069422959042713
6.36          -4.71285398863256E-02
6.37          -0.030316748782061
6.38          -2.09804264595732E-02
6.39          -2.86236715014093E-02
6.4           -6.11083234520629E-02
6.41          -0.111742291962728
6.42          -0.154158131349832
6.43          -0.152071214402094
6.44          -8.00827346742153E-02
6.45          5.76680547371507E-02
6.46          0.224657517112792
6.47          0.368966141603887
6.48          0.450759808123112
6.49          0.463104230538011
6.5           0.432638921365142
6.51          0.3996225085482
6.52          0.39057712174952
6.53          0.401605847552419
6.54          0.403016122877598
6.55          0.361251471452415
6.56          0.262535177115351
6.57          0.122128783352673
6.58          -2.61044488870539E-02
6.59          -0.151082002557814
6.6           -0.240915389601141
6.61          -0.303148274235427
6.62          -0.350322988852859
6.63          -0.383404415398836
6.64          -0.386777674108744
6.65          -0.339211524948478
6.66          -0.232628203947097
6.67          -8.41498020663858E-02
6.68          6.85465482110158E-02
6.69          0.186546206027269
6.7           0.251014645658433
6.71          0.272206818982959
6.72          0.280262473169714
6.73          0.304184748027474
6.74          0.35304388102144
6.75          0.411368029899895
6.76          0.450830924883485
6.77          0.449677525050938
6.78          0.406973956972361
6.79          0.342959882542491
6.8           0.286173587925732
6.81          0.256155280116945
6.82          0.252467130571604
6.83          0.256036618184298
6.84          0.240968654081225
6.85          0.189120698533952
6.86          9.91500937845558E-02
6.87          -1.39917749259621E-02
6.88          -0.127183381514624
6.89          -0.219160494860262
6.9           -0.277026258576661
6.91          -0.297250169534236
6.92          -0.282944152448326
6.93          -0.24083162823692
6.94          -0.180116370152682
6.95          -0.112874075369909
6.96          -5.37359072780237E-02
6.97          -1.69305900810286E-02
6.98          -1.09030255128164E-02
6.99          -3.31881953333504E-02
7             -6.91941730258986E-02
7.01          -9.71011654660106E-02
7.02          -9.77926900796592E-02
7.03          -6.53283275105059E-02
7.04          -1.21162759372965E-02
7.05          3.51677313633263E-02
7.06          4.82611227175221E-02
7.07          1.29378988151439E-02
7.08          -6.05936268623918E-02
7.09          -0.138882883451879
7.1           -0.178765407521278
7.11          -0.147351871831343
7.12          -3.86463541584089E-02
7.13          0.121838240688667
7.14          0.287068175375462
7.15          0.408012239746749
7.16          0.4527100007236
7.17          0.415644902698696
7.18          0.31415437862277
7.19          0.17601096695289
7.2           2.65416584489867E-02
7.21          -0.117717369776219
7.22          -0.247419887110591
7.23          -0.355062851496041
7.24          -0.431883790008724
7.25          -0.470026712603867
7.26          -0.467903552055359
7.27          -0.433558469116688
7.28          -0.38214905474335
7.29          -0.328411863818765
7.3           -0.27946622857824
7.31          -0.233648689258844
7.32          -0.186730046141893
7.33          -0.140799902239814
7.34          -0.10824167358689
7.35          -0.106196673866361
7.36          -0.144058482432738
7.37          -0.212560139559209
7.38          -0.28312024500221
7.39          -0.319663588665426
7.4           -0.296472837030888
7.41          -0.211129764430225
7.42          -8.46406118664891E-02
7.43          5.06108491681516E-02
7.44          0.166567293405533
7.45          0.24881720719859
7.46          0.295174188707024
7.47          0.307487456426024
7.48          0.285207006633282
7.49          0.226633090283722
7.5           0.136383911389858
7.51          3.15085666486993E-02
7.52          -6.10181529913098E-02
7.53          -0.116003285916522
7.54          -0.12364568813704
7.55          -0.095041593387723
7.56          -5.45902037573978E-02
7.57          -2.36435065674596E-02
7.58          -6.50169895438012E-03
7.59          1.12197230465245E-02
7.6           5.02938295807689E-02
7.61          0.120037407903001
7.62          0.207533452715725
7.63          0.281891050636768
7.64          0.311157570965588
7.65          0.280750934947282
7.66          0.201291093192995
7.67          0.101147374743596
7.68          9.45302224019542E-03
7.69          -5.86146961105987E-02
7.7           -0.104985523642972
7.71          -0.139854060290381
7.72          -0.168992901183665
7.73          -0.18743573198095
7.74          -0.184102910421789
7.75          -0.153117235600948
7.76          -0.102288842601702
7.77          -5.14021281944588E-02
7.78          -2.07860750611872E-02
7.79          -1.82343866955489E-02
7.8           -3.39788393885829E-02
7.81          -4.78196259588003E-02
7.82          -4.36812316719443E-02
7.83          -0.021262031563092
7.84          3.77709631633479E-03
7.85          1.15354841121007E-02
7.86          -6.69192532484885E-03
7.87          -4.04252142040059E-02
7.88          -6.55649798596278E-02
7.89          -6.01172295352444E-02
7.9           -1.94643302354962E-02
7.91          3.91997839836404E-02
7.92          0.086240355251357
7.93          9.65018075890839E-02
7.94          6.29160038754344E-02
7.95          -1.2054173539218E-03
7.96          -7.13968511391431E-02
7.97          -0.12591115529649
7.98          -0.155560567751527
7.99          -0.164763409104198
8             -0.165208747666329
8.01          -0.167627283968031
8.02          -0.176877122316509
8.03          -0.192023603562266
8.04          -0.209416767787188
8.05          -0.225528313703835
8.059999      -0.237834985032678
8.07          -0.244481222704053
8.08          -0.244532166570425
8.09          -0.239569141287357
8.099999      -0.235328466407955
8.11          -0.2411541569978
8.12          -0.266253933180124
8.13          -0.314280130304396
8.139999      -0.379501216225326
8.15          -0.447252428904176
8.16          -0.498837479017675
8.17          -0.51842861160636
8.179999      -0.498639258407056
8.19          -0.442655823044479
8.2           -0.362843741364777
8.21          -0.277048934809864
8.22          -0.203817163445055
8.23          -0.157253281865269
8.24          -0.142354996651411
8.25          -0.152390728192404
8.26          -0.170233515892178
8.27          -0.174351947419345
8.28          -0.147586500495672
8.29          -8.46380263008177E-02
8.3           5.75929614133202E-03
8.309999      0.10524238999933
8.32          0.194242694992572
8.33          0.259579354785383
8.34          0.297259068265557
8.349999      0.30998450987041
8.36          0.302379475012422
8.37          0.278031796943396
8.38          0.240313765928149
8.389999      0.19533786021173
8.4           0.153229730548337
8.41          0.125059353020042
8.42          0.116561978235841
8.429999      0.123141913963482
8.44          0.130702902842313
8.45          0.123046056171879
8.46          9.16648994386196E-02
8.47          4.14968854933977E-02
8.48          -1.14783789706416E-02
8.49          -4.95418136939406E-02
8.5           -6.36454805731773E-02
8.51          -5.85713262157515E-02
8.52          -5.01039777975529E-02
8.53          -5.64946190547198E-02
8.54          -8.95208899118006E-02
8.55          -0.149776127440855
8.559999      -0.227514996584505
8.57          -0.307049061432481
8.58          -0.371527697145939
8.59          -0.406309713274241
8.599999      -0.401288782283664
8.61          -0.35347745206207
8.62          -0.269948441572487
8.63          -0.169129086490721
8.639999      -7.77224421221763E-02
8.65          -2.24773319391534E-02
8.66          -1.96378509281203E-02
8.67          -6.75036105047911E-02
8.679999      -0.14670230099
8.69          -0.228694142438471
8.7           -0.288229432404041
8.71          -0.313221309185028
8.72          -0.307210663855076
8.73          -0.28405166991055
8.74          -0.258683250714093
8.75          -0.239386269617826
8.76          -0.225223564133048
8.77          -0.208938228003681
8.78          -0.182644834108651
8.79          -0.142860981803387
8.8           -9.26350804232061E-02
8.809999      -4.06210228381678E-02
8.82          1.68453158068587E-03
8.83          2.32269427017309E-02
8.84          1.65486526954919E-02
8.849999      -1.94668586994521E-02
8.86          -7.78964790143073E-02
8.87          -0.14426025705412
8.88          -0.199970462992787
8.889999      -0.228090709783137
8.9           -0.219107139017433
8.91          -0.174011621195823
8.92          -0.103350340649486
8.929999      -2.31279968493618E-02
8.94          5.00966002559289E-02
8.95          0.102891772761941
8.96          0.126931202067062
8.97          0.120026471782476
8.98          8.68497630301863E-02
8.99          3.87612473778427E-02
9             -8.66257918300107E-03
9.01          -4.10078618349507E-02
9.02          -5.16837218776345E-02
9.03          -4.62926027504727E-02
9.04          -0.041370896268636
9.05          -5.70212110737339E-02
9.059999      -0.10680634659715
9.07          -0.190411306936294
9.08          -0.293307574745268
9.09          -0.393598158806562
9.099999      -0.472052297741175
9.11          -0.519743760041893
9.12          -0.539595934264362
9.13          -0.541918850317597
9.139999      -0.537305652983487
9.15          -0.531015912741423
9.16          -0.521447090506554
9.17          -0.502644235678017
9.179999      -0.468857854194939
9.19          -0.418507297486067
9.2           -0.355684227794409
9.21          -0.288623333740979
9.22          -0.226011933255941
9.23          -0.173024666011333
9.24          -0.129250673744828
9.25          -0.089935667635873
9.26          -5.02115619974211E-02
9.27          -9.97441457700916E-03
9.28          2.39129627100192E-02
9.29          4.02572803432122E-02
9.3           3.01367276301608E-02
9.309999      -6.45943683281075E-03
9.32          -0.058577794698067
9.33          -0.108776428867131
9.34          -0.141614629514515
9.349999      -0.150674999803305
9.36          -0.139609272088856
9.37          -0.117126134047285
9.38          -9.03791515342891E-02
9.389999      -6.21786425728351E-02
9.4           -3.38897789851762E-02
9.41          -1.05811774043832E-02
9.42          -2.41131036513252E-03
9.429999      -1.89349048293661E-02
9.44          -5.92516223480925E-02
9.45          -0.105761650158092
9.46          -0.12837818694301
9.469999      -9.92643246240914E-02
9.48          -1.00807413971052E-02
9.49          0.119520906899124
9.5           0.248861518129706
9.51          0.335612563714385
9.52          0.356258095465601
9.53          0.315380137749016
9.54          0.238847814146429
9.55          0.156512092463672
9.559999      8.64099884591997E-02
9.57          3.03010184015147E-02
9.58          -1.84686167899054E-02
9.59          -6.26277224393561E-02
9.599999      -9.43928082659841E-02
9.61          -9.94264295417815E-02
9.62          -6.75094896974042E-02
9.63          -1.08893792021263E-03
9.639999      8.49000546522439E-02
9.65          0.171251497864723
9.66          0.243820980694145
9.67          0.296747016627342
9.679999      0.327985674887896
9.69          0.332351498454809
9.7           0.299616957977414
9.71          0.22110867748037
9.719999      0.100890398751944
9.73          -3.72444339562207E-02
9.74          -0.154060099124908
9.75          -0.210285755395889
9.76          -0.185214429572225
9.77          -8.78455712646246E-02
9.78          4.59265533462167E-02
9.79          0.168494572229683
9.8           0.239915241636336
9.809999      0.242100181672722
9.82          0.182532275207341
9.83          0.088151289280504
9.84          -6.05610343453009E-03
9.849999      -6.88928221492097E-02
9.86          -8.22208787128329E-02
9.87          -4.63189060846344E-02
9.88          1.97578193480149E-02
9.889999      8.40049647074193E-02
9.9           0.113340884177014
9.91          8.81872131116688E-02
9.92          1.33092404063791E-02
9.929999      -8.16206528898329E-02
9.94          -0.153934292625636
9.95          -0.167683106604964
9.96          -0.11132752337493
9.969999      -3.87836449546739E-03
9.98          0.113894715998322
9.99          0.198212168700993
10            0.220713478792459
10.01         0.177381134033203
10.02         8.52650488168001E-02
10.03         -2.84252110635862E-02
10.04         -0.137134858332574
10.05         -0.220503253117204
10.06         -0.264949382822961
10.07         -0.263362393677235
10.08         -0.217037297766656
10.09         -0.138678705990314
10.1          -5.18342922488228E-02
10.11         1.67313302191906E-02
10.12         0.049739029314369
10.13         4.95987463882193E-02
10.14         3.79616337851621E-02
10.15         4.25024055875838E-02
10.16         7.78413598705083E-02
10.17         0.132911186059937
10.18         0.174189815092832
10.19         0.164297312926501
10.2          8.50292963907123E-02
10.21         -4.95640559541062E-02
10.22         -0.198286062888801
10.23         -0.312677920125425
10.24         -0.35921810220927
10.25         -0.33104351285845
10.26         -0.244496498554945
10.27         -0.126035262448713
10.28         2.14129358187165E-05
10.29         0.115754258483648
10.3          0.20682941140607
10.31         0.259465553350747
10.32         0.263190905805677
10.33         0.218827660381794
10.34         0.14473876029253
10.35         7.37630320200697E-02
10.36         3.94715881487355E-02
10.37         0.058763727019541
10.38         0.121860770741478
10.39         0.196940527204424
10.4          0.247395182624459
10.41         0.251398022007197
10.42         0.211974321641028
10.43         0.152124058613554
10.44         9.91687409207225E-02
10.45         0.068832170991227
10.46         0.058579653929919
10.47         5.27543836086989E-02
10.48         3.44107042299584E-02
10.49         -4.37471773009747E-03
10.5          -5.91910214396194E-02
10.51         -0.116840926967561
10.52         -0.161650497671217
10.53         -0.180529055669904
10.54         -0.165657174289227
10.55         -0.116133395601064
10.56         -3.97072126669809E-02
10.57         4.64753282396123E-02
10.58         0.118716732021421
10.59         0.154500741641969
10.6          0.142755604013801
10.61         9.11148408986628E-02
10.62         2.49143532081507E-02
10.63         -2.30649976688437E-02
10.64         -2.74010849464685E-02
10.65         1.85455647774506E-02
10.66         0.100802050977945
10.67         0.193080030977726
10.68         0.269845512304455
10.69         0.316588684134185
10.7          0.332405987195671
10.71         0.325386112444103
10.72         0.305473730172962
10.73         0.279790219143033
10.74         0.25229827394709
10.75         0.225957407969981
10.76         0.204114512633532
10.77         0.189498063214123
10.78         0.182051359992474
10.79         0.178295236565173
10.8          0.17367416376248
10.81         0.166552017554641
10.82         0.160601872634143
10.83         0.163019568398595
10.84         0.178961161337793
10.85         0.205663184244186
10.86         0.230576653517783
10.87         0.235695909094065
10.88         0.206377512998879
10.89         0.13985711180605
10.9          0.048459329623729
10.91         -4.45762622309849E-02
10.92         -0.11447116009891
10.93         -0.14443381885998
10.94         -0.130588617185131
10.95         -8.06730750482529E-02
10.96         -8.53511444991454E-03
10.97         7.17481683008373E-02
10.98         0.149284404013306
10.99         0.216951745692641
11            0.270721480026841
11.01         0.309285000152886
11.02         0.334135630130768
11.03         0.349000969938934
11.04         0.35770100556314
11.05         0.361053543202579
11.06         0.354925259202719
11.07         0.331513738632202
11.08         0.28408817846328
11.09         0.212924348004162
11.1          0.128811556985602
11.11         5.13959977542982E-02
11.12         2.40235795819899E-03
11.13         -3.29596839757869E-03
11.14         3.55285479663871E-02
11.15         0.105031890235841
11.16         0.180812261905521
11.17         0.236300639100373
11.18         0.251692502405494
11.19         0.220468115005642
11.2          0.151805823901668
11.21         6.84263331117109E-02
11.22         2.4802486950648E-04
11.23         -2.49867056496441E-02
11.24         8.20625710592139E-03
11.25         9.58176833577454E-02
11.26         0.213745370171964
11.27         0.325721596442163
11.28         0.397724356167018
11.29         0.412733098939061
11.3          0.378197031319141
11.31         0.321515292227268
11.32         0.275203316006809
11.33         0.259648845288903
11.34         0.27325498720631
11.35         0.295582105088979
11.36         0.301168973464519
11.37         0.275136456750333
11.38         0.220927285887301
11.39         0.156168148275465
11.4          0.100715548731387
11.41         6.58054877165705E-02
11.42         5.15468148048967E-02
11.43         5.31806319253519E-02
11.44         6.97426190134138E-02
11.45         0.107102133482695
11.46         0.172038313820958
11.47         0.261606511361897
11.48         0.356653001792729
11.49         0.426230994276702
11.5          0.441943084001541
11.51         0.393436592929065
11.52         0.294375038780272
11.53         0.17413315191865
11.54         6.03575638029724E-02
11.55         -3.57081831106916E-02
11.56         -0.120950359264389
11.57         -0.208236671760678
11.58         -0.299781812913716
11.59         -0.379024521969259
11.6          -0.418025121465325
11.61         -0.39599928136915
11.62         -0.316125365383923
11.63         -0.208491445910186
11.64         -0.11644035615027
11.65         -7.48551411554217E-02
11.66         -9.40304818935692E-02
11.67         -0.158454574048519
11.68         -0.239428223390132
11.69         -0.311690325401723
11.7          -0.36296214748174
11.71         -0.391878163777292
11.72         -0.398770605772734
11.73         -0.378512561693788
11.74         -0.321876503974199
11.75         -0.224312147665769
11.76         -9.46730908937752E-02
11.77         4.38309660740197E-02
11.78         0.162371148727834
11.79         0.239569799099118
11.8          0.270373552422971
11.81         0.265295519717038
11.82         0.241379293072969
11.83         0.211635237950832
11.84         0.179935325738043
11.85         0.143789145061746
11.86         0.1016516331397
11.87         5.86207306198776E-02
11.88         2.61305101099424E-02
11.89         1.58561893296428E-02
11.9          3.20893390593119E-02
11.91         6.77104146452621E-02
11.92         0.106408470980823
11.93         0.129943623617291
11.94         0.126486210683361
11.95         9.57932895049453E-02
11.96         4.89187974343076E-02
11.97         2.91088413650868E-03
11.98         -0.026887249450665
11.99         -3.35366848181002E-02
12            -2.14149019913748E-02
12.01         -4.12964744609781E-03
12.02         1.74177262422745E-03
12.03         -1.54610351810697E-02
12.04         -5.67289005406201E-02
12.05         -0.111484676431865
12.06         -0.162166404817253
12.07         -0.192091760169715
12.08         -0.192662905231118
12.09         -0.166435712780803
12.1          -0.125043492447585
12.11         -8.38113853242248E-02
12.12         -5.62441983399913E-02
12.13         -0.050729634440504
12.14         -6.96732929628342E-02
12.15         -0.109755819216371
12.16         -0.162203662544489
12.17         -0.213541503343731
12.18         -0.248396061491221
12.19         -0.255128435958177
12.2          -0.232439704332501
12.21         -0.192769945822656
12.22         -0.158702020905912
12.23         -0.152387512223795
12.24         -0.183081018123776
12.25         -0.240389925912023
12.26         -0.29835668200627
12.27         -0.328970674909651
12.28         -0.317440513819456
12.29         -0.269991016611457
12.3          -0.20946670666337
12.31         -0.161657203696668
12.32         -0.14089613461867
12.33         -0.143448663521558
12.34         -0.151811241712421
12.35         -0.146168568972498
12.36         -0.115439924960956
12.37         -6.17191976029426E-02
12.38         3.07117236312479E-03
12.39         6.45931040961295E-02
12.4          0.112298517487943
12.41         0.141389776663855
12.42         0.151253581792116
12.43         0.143292186548933
12.44         0.120371868638322
12.45         8.75957032945007E-02
12.46         5.23225713009015E-02
12.47         2.18996818503365E-02
12.48         -6.78311187493819E-05
12.49         -1.61146328353789E-02
12.5          -3.34706432581879E-02
12.51         -5.88100570673123E-02
12.52         -9.22051273472607E-02
12.53         -0.124421659335494
12.54         -0.14001249242574
12.55         -0.125144704096019
12.56         -0.076007092888467
12.57         -2.95514910074417E-03
12.58         7.22682827012613E-02
12.59         0.12517430562526
12.6          0.1388985064812
12.61         0.111404240671545
12.62         5.63208790915087E-02
12.63         -2.73448608844774E-03
12.64         -4.17246254067868E-02
12.65         -4.55711202928796E-02
12.66         -1.35195311775897E-02
12.67         0.041616008807905
12.68         9.98579723294824E-02
12.69         0.143128647236153
12.7          0.162699415069073
12.71         0.161532530095428
12.72         0.150712467664853
12.73         0.142357975076884
12.74         0.143228104719892
12.75         0.152477431437001
12.76         0.164166993107647
12.77         0.172050885334611
12.78         0.17299477212131
12.79         0.166881307158619
12.8          0.153936558421701
12.81         0.132619793722406
12.82         0.100761458510533
12.83         5.96374563546851E-02
12.84         1.74889523524325E-02
12.85         -1.16067938762717E-02
12.86         -1.46204967889935E-02
12.87         1.13609995425213E-02
12.88         0.054234035233967
12.89         9.07823627348989E-02
12.9          9.84362583886832E-02
12.91         6.82076244056225E-02
12.92         1.05084206827451E-02
12.93         -5.03609446529299E-02
12.94         -8.99902751483023E-02
12.95         -9.73098288383335E-02
12.96         -7.92337646428496E-02
12.97         -5.38352368539199E-02
12.98         -3.69883830123581E-02
12.99         -3.16150636319071E-02
13            -2.66452455287799E-02
13.01         -6.02619127195794E-03
13.02         3.86872755317017E-02
13.03         0.100807359153405
13.04         0.16093319049105
13.05         0.197325018178672
13.06         0.197148468811065
13.07         0.161557782758027
13.08         0.102326072920114
13.09         3.34248728072271E-02
13.1          -3.63611777708866E-02
13.11         -0.105490659121424
13.12         -0.176424931548536
13.13         -0.250578973274678
13.14         -0.325308271385729
13.15         -0.394382489696145
13.16         -0.450563743673265
13.17         -0.487797095328569
13.18         -0.501584976017475
13.19         -0.488127499558032
13.2          -0.443933732025325
13.21         -0.367077271677554
13.22         -0.259663317147642
13.23         -0.129774355860427
13.24         8.77179078175686E-03
13.25         0.139193489374593
13.26         0.245854770205915
13.27         0.317920241318643
13.28         0.351346434317529
13.29         0.349079578444362
13.3          0.319939211793244
13.31         0.276512434501201
13.32         0.23211701111868
13.33         0.197199339587241
13.34         0.176373932864517
13.35         0.167743241563439
13.36         0.165209661293775
13.37         0.162558625079691
13.38         0.156591669414192
13.39         0.147089350121096
13.4          0.13387838861905
13.41         0.113907515918836
13.42         8.16970412805677E-02
13.43         3.39348093979061E-02
13.44         -2.48241324978881E-02
13.45         -8.03765755333006E-02
13.46         -0.114016164494678
13.47         -0.112579613244161
13.48         -7.69477408658713E-02
13.49         -2.25204825634137E-02
13.5          2.97347909398377E-02
13.51         6.61174503760412E-02
13.52         8.78290985617787E-02
13.53         0.107362891891971
13.54         0.135616098884493
13.55         0.16899684805423
13.56         0.1867156291008
13.57         0.16177327092737
13.58         7.92979286983609E-02
13.59         -4.99873669585213E-02
13.6          -0.190870642270893
13.61         -0.299592984393239
13.62         -0.345095943510532
13.63         -0.322668545879424
13.64         -0.252356782648712
13.65         -0.164526468962431
13.66         -8.27667619753629E-02
13.67         -1.47856851993129E-02
13.68         4.46037898259237E-02
13.69         0.10281557623297
13.7          0.159953233692795
13.71         0.206962673105299
13.72         0.231498101614416
13.73         0.225929122064263
13.74         0.191267229672521
13.75         0.134971763128415
13.76         6.58051816513762E-02
13.77         -9.1209135245299E-03
13.78         -8.26456423848868E-02
13.79         -0.14356590019539
13.8          -0.175492227561772
13.81         -0.161928039416671
13.82         -9.58651645760983E-02
13.83         1.22410934348591E-02
13.84         0.134427268579602
13.85         0.234921756014228
13.86         0.285201835501939
13.87         0.276385604739189
13.88         0.222243969216943
13.89         0.151447563171387
13.9          9.35337426513434E-02
13.91         6.59933980414644E-02
13.92         0.068463942585513
13.93         8.56560630910099E-02
13.94         9.61823760252446E-02
13.95         8.22564005479217E-02
13.96         3.59684824221767E-02
13.97         -3.95906977588311E-02
13.98         -0.133447129055858
13.99         -0.23173155169934
14            -0.322199562638998
14.01         -0.396909583210945
14.02         -0.452851064801216
14.03         -0.491069233752787
14.04         -0.515091605633497
14.05         -0.529303153641522
14.06         -0.537562016844749
14.07         -0.542166735716164
14.08         -0.543157034777105
14.09         -0.538061003610492
14.1          -0.522304694317281
14.11         -0.490464083477855
14.12         -0.438254623822868
14.13         -0.36468853790313
14.14         -0.273488620016724
14.15         -0.17295186817646
14.16         -7.40735054668039E-02
14.17         1.24256827239878E-02
14.18         7.89506680425257E-02
14.19         0.122606573961675
14.2          0.144988262811676
14.21         0.150537270465866
14.22         0.144432000741363
14.23         0.131034047110006
14.24         0.113450939739123
14.25         9.40717595815659E-02
14.26         7.54163961997256E-02
14.27         6.05782733531669E-02
14.28         5.29343499429524E-02
14.29         0.055341516151093
14.3          6.93636509170756E-02
14.31         9.49513818137348E-02
14.32         0.130604295032099
14.33         0.173702888209373
14.34         0.220691131465137
14.35         0.267066367249936
14.36         0.307413306422532
14.37         0.335771827250719
14.38         0.346437806412578
14.39         0.335040742568672
14.4          0.299624650720507
14.41         0.241484634317458
14.42         0.165571713577956
14.43         8.03437032178044E-02
14.44         -3.06155129510444E-03
14.45         -7.24258971400559E-02
14.46         -0.116786904176697
14.47         -0.129210474137217
14.48         -0.109296703152359
14.49         -6.43548757396638E-02
14.5          -8.24718932854012E-03
14.51         4.23766904510558E-02
14.52         7.34637368051335E-02
14.53         7.84508772846311E-02
14.54         6.03942276723683E-02
14.55         3.01819362002425E-02
14.56         1.55751224097912E-03
14.57         -1.47467475396115E-02
14.58         -1.51129739591852E-02
14.59         -3.74520158220548E-03
14.6          9.93459755089134E-03
14.61         1.56884085014462E-02
14.62         6.68633563793264E-03
14.63         -1.79150773293804E-02
14.64         -5.25568162417039E-02
14.65         -8.68188367411494E-02
14.66         -0.108458239836618
14.67         -0.10743324120529
14.68         -8.00679065007716E-02
14.69         -3.18745224061422E-02
14.7          2.27909231395461E-02
14.71         6.52353933267295E-02
14.72         7.99788095522672E-02
14.73         6.19552697986364E-02
14.74         1.93135314574465E-02
14.75         -0.030226660547778
14.76         -6.77275634324178E-02
14.77         -8.12664121203125E-02
14.78         -6.91808020882309E-02
14.79         -3.67902332078665E-02
14.8          1.04163156158756E-02
14.81         7.16706058988348E-02
14.82         0.149936432512477
14.83         0.24561223866418
14.84         0.349793523475528
14.85         0.442821920514107
14.86         0.500438994839787
14.87         0.504526600576937
14.88         0.451928191445768
14.89         0.355827740393579
14.9          0.238980454578996
14.91         0.123376697944477
14.92         2.28912714100443E-02
14.93         -5.72101675020531E-02
14.94         -0.115299984645098
14.95         -0.148229246539995
14.96         -0.150900830235332
14.97         -0.121216197442263
14.98         -6.61975663667545E-02
14.99         -3.4570274973521E-03
15            4.47963139694184E-02
15.01         0.062434348622337
15.02         4.79642303427681E-02
15.03         1.48219790495932E-02
15.04         -0.017501366265351
15.05         -0.036139645955991
15.06         -4.31071492983028E-02
15.07         -5.35903481533751E-02
15.08         -8.52854866627604E-02
15.09         -0.145690769227222
15.1          -0.225532662570477
15.11         -0.302372969985008
15.12         -0.351904514506459
15.13         -0.359900472275913
15.14         -0.328004970699549
15.15         -0.270922715608031
15.16         -0.207861737329513
15.17         -0.153864692486823
15.18         -0.115604222584516
15.19         -9.25867403950542E-02
15.2          -8.12317582312971E-02
15.21         -7.81847467459738E-02
15.22         -8.08025543298572E-02
15.23         -8.55069499555975E-02
15.24         -8.64969566557556E-02
15.25         -7.69052663259208E-02
15.26         -5.23115301132202E-02
15.27         -1.43065161549021E-02
15.28         2.87439802475274E-02
15.29         6.49562344606966E-02
15.3          8.47106688190252E-02
15.31         0.085539027415216
15.32         7.29946850426495E-02
15.33         5.68096469342709E-02
15.34         4.46911052009091E-02
15.35         3.77448939462192E-02
15.36         3.05713927396573E-02
15.37         1.60213617514819E-02
15.38         -8.61576776776929E-03
15.39         -3.83964542113245E-02
15.4          -6.30234510311857E-02
15.41         -7.33817889913917E-02
15.42         -6.78280487470329E-02
15.43         -0.053566475068219
15.44         -4.16632433468476E-02
15.45         -3.87999760452658E-02
15.46         -4.15200733579695E-02
15.47         -3.73988461308181E-02
15.48         -1.29639040783513E-02
15.49         3.66126674297266E-02
15.5          0.102601641230285
15.51         0.166216168105602
15.52         0.20857566408813
15.53         0.22075333122164
15.54         0.207360375132412
15.55         0.181471243109554
15.56         0.154613647721708
15.57         0.128904518578202
15.58         9.68178130500019E-02
15.59         4.85742137068883E-02
15.6          -1.83200643933378E-02
15.61         -0.094426913978532
15.62         -0.162193411644548
15.63         -0.205809090547264
15.64         -0.22040909467265
15.65         -0.214369067084044
15.66         -0.203180310297757
15.67         -0.199112566821277
15.68         -0.203620824906975
15.69         -0.207477885894477
15.7          -0.198325641229749
15.71         -0.1703500764817
15.72         -0.129417154937983
15.73         -9.01270451769233E-02
15.74         -6.67062969692051E-02
15.75         -6.38101436477155E-02
15.76         -7.33701311051846E-02
15.77         -7.96091650240123E-02
15.78         -0.068984015872702
15.79         -3.86611868999898E-02
15.8          1.82065007873462E-03
15.81         3.66182222845964E-02
15.82         5.34329347126186E-02
15.83         0.050970288477838
15.84         3.94909707549959E-02
15.85         3.42677055462264E-02
15.86         4.60277147451416E-02
15.87         0.074100717860274
15.88         0.10616944776848
15.89         0.12450526538305
15.9          0.114876627959311
15.91         7.31125384150073E-02
15.92         6.12824345764238E-03
15.93         -0.072289707264863
15.94         -0.147754434356466
15.95         -0.20984948001802
15.96         -0.253068991787732
15.97         -0.274968404117972
15.98         -0.274162913616747
15.99         -0.250447319559753
16            -0.207236085254699
16.01         -0.154199080131948
16.02         -0.107183629050851
16.03         -8.39056899491698E-02
16.04         -9.66488285176456E-02
16.05         -0.14560987665318
16.06         -0.21683397911489
16.07         -0.286585706993937
16.08         -0.330559290312231
16.09         -0.333626337647438
16.1          -0.295418090689927
16.11         -0.229175733737648
16.12         -0.154763957709074
16.13         -8.96027692034841E-02
16.14         -4.20405075279996E-02
16.15         -1.00972860481124E-02
16.16         1.44725690851919E-02
16.17         3.95945852436125E-02
16.18         6.76236474467442E-02
16.19         9.41980137582868E-02
16.2          0.111435267459601
16.21         0.113208134109154
16.22         9.92017868254334E-02
16.23         0.075412686872296
16.24         5.10332602495328E-02
16.25         3.38439651369117E-02
16.26         2.69654673803598E-02
16.27         2.87434457754716E-02
16.28         3.54000485502183E-02
16.29         4.43148277373984E-02
16.3          5.55202399520204E-02
16.31         0.070369139034301
16.32         8.84431475680321E-02
16.33         0.105210650581867
16.34         0.112720732139423
16.35         0.103693471709266
16.36         7.68889854848385E-02
16.37         4.02045503351837E-02
16.38         8.77268842072226E-03
16.39         -1.77841165437712E-03
16.4          1.65550092584454E-02
16.41         5.95503556821495E-02
16.42         0.112834314303473
16.43         0.159702918045223
16.44         0.189877986051142
16.45         0.203558113519102
16.46         0.208146734274924
16.47         0.210091573018581
16.48         0.207809349931777
16.49         0.191092306561768
16.5          0.147871744120494
16.51         7.38347563426942E-02
16.52         -2.19709744839929E-02
16.53         -0.119916215222329
16.54         -0.199576835744083
16.55         -0.250174108408391
16.56         -0.274754907656461
16.57         -0.285533135086298
16.58         -0.294038586337119
16.59         -0.303266826532781
16.6          -0.307320262603462
16.61         -0.298281051926315
16.62         -0.274549725204706
16.63         -0.24381517002359
16.64         -0.217994158063084
16.65         -0.203842416107655
16.66         -0.196570398453623
16.67         -0.1818818455562
16.68         -0.145640620216727
16.69         -8.44870310928673E-02
16.7          -9.62462431518361E-03
16.71         5.93191668251529E-02
16.72         0.106299703633413
16.73         0.128314242158085
16.74         0.135625865561888
16.75         0.142721808934584
16.76         0.156737502627075
16.77         0.171923909392208
16.78         0.174273485094309
16.79         0.15289294006303
16.8          0.109682738156989
16.81         6.00482004135847E-02
16.82         2.38904600660317E-02
16.83         1.32100684312172E-02
16.84         2.51626931363717E-02
16.85         4.55201672902331E-02
16.86         0.060025633815676
16.87         6.54341347049922E-02
16.88         7.21643347386271E-02
16.89         9.63804047740996E-02
16.9          0.146846197312698
16.91         0.215739033166319
16.92         0.280069423690438
16.93         0.31316996332258
16.94         0.298935885261744
16.95         0.239831023458391
16.96         0.154133171048015
16.97         6.52090580156073E-02
16.98         -9.50072958134115E-03
16.99         -6.28839720971882E-02
17            -9.46379071008414E-02
17.01         -0.10450941410847
17.02         -8.89048400614411E-02
17.03         -4.40539779653773E-02
17.04         2.70723846321926E-02
17.05         0.110622577574104
17.06         0.185430557280779
17.07         0.233277226611972
17.08         0.2490593184717
17.09         0.243148020990193
17.1          0.233324077427387
17.11         0.231358462795615
17.12         0.233820177130401
17.13         0.224308036342263
17.14         0.186296950187534
17.15         0.117848648903891
17.16         3.74545682687312E-02
17.17         -2.39467166760005E-02
17.18         -4.01857935637236E-02
17.19         -5.15630088513717E-03
17.2          6.37600859999657E-02
17.21         0.135983176119626
17.22         0.184428216610104
17.23         0.19760232238099
17.24         0.180293467696756
17.25         0.144709889665246
17.26         0.100426001921296
17.27         5.11166881397367E-02
17.28         -5.77700873654976E-04
17.29         -4.60284045338631E-02
17.3          -6.94510576548055E-02
17.31         -5.56432142062113E-02
17.32         -1.66424219918554E-03
17.33         0.076985080819577
17.34         0.152089788448066
17.35         0.198123071752489
17.36         0.207297919560224
17.37         0.193486595191062
17.38         0.181546562556177
17.39         0.188905740268528
17.4          0.212030728999525
17.41         0.227317452058196
17.42         0.20600246893242
17.43         0.133087287750095
17.44         1.77222962281667E-02
17.45         -0.111316267484799
17.46         -0.221240258105099
17.47         -0.291271409802139
17.48         -0.319387307725847
17.49         -0.317553145810962
17.5          -0.30111645815894
17.51         -0.280728331804276
17.52         -0.261330778598785
17.53         -0.246206187866628
17.54         -0.24028060125187
17.55         -0.248594410009682
17.56         -0.271158230490983
17.57         -0.299497473780066
17.58         -0.319454185254872
17.59         -0.319741429723799
17.6          -0.300445216074586
17.61         -0.274717997107655
17.62         -0.261288276650012
17.63         -0.272148017920554
17.64         -0.303680480495095
17.65         -0.33748038366437
17.66         -0.350604568831623
17.67         -0.328575439676642
17.68         -0.272898489776999
17.69         -0.198965454529971
17.7          -0.126864635171369
17.71         -7.17660388536751E-02
17.72         -3.96096829371527E-02
17.73         -2.90370285348035E-02
17.74         -3.59826642042026E-02
17.75         -5.64586129970849E-02
17.76         -8.59826026763767E-02
17.77         -0.117832450289279
17.78         -0.143515504505485
17.79         -0.156533032804728
17.8          -0.156876136455685
17.81         -0.152055463464931
17.82         -0.152546364627779
17.83         -0.163902534507215
17.84         -0.180974229779094
17.85         -0.188940860107541
17.86         -0.171458471026272
17.87         -0.121201972262934
17.88         -4.61159346112981E-02
17.89         3.27708891453221E-02
17.9          0.090843941224739
17.91         0.111220108196139
17.92         9.17424207273871E-02
17.93         4.46328112017363E-02
17.94         -9.76967866066843E-03
17.95         -5.10072492761537E-02
17.96         -6.43890454061329E-02
17.97         -4.33987152250484E-02
17.98         1.03505652747117E-02
17.99         8.79731319285929E-02
18            0.174471851885319
18.01         0.25104313256219
18.02         0.29940806619823
18.03         0.307498091049492
18.04         0.273991425745189
18.05         0.208833014667034
18.06         0.128694859351963
18.07         4.93465897813439E-02
18.08         -2.09497970994562E-02
18.09         -0.083258786899969
18.1          -0.144026971422136
18.11         -0.207914216089994
18.12         -0.271939308866859
18.13         -0.324700855314732
18.14         -0.351352354623377
18.15         -0.341535025723279
18.16         -0.29568236656487
18.17         -0.226094452086836
18.18         -0.152227042699233
18.19         -0.092870513079688
18.2          -5.93519523460418E-02
18.21         -5.28427405189723E-02
18.22         -6.61942818760872E-02
18.23         -8.82938334345818E-02
18.24         -0.108222304685041
18.25         -0.117629524497315
18.26         -0.111496462225914
18.27         -8.84179497230798E-02
18.28         -5.10428167926148E-02
18.29         -6.11192093230784E-03
18.3          3.71023488999344E-02
18.31         7.03488199599087E-02
18.32         0.090574558172375
18.33         0.102062957352027
18.34         0.114380126260221
18.35         0.136354318996891
18.36         0.169138387218118
18.37         0.202672095894814
18.38         0.218427089564502
18.39         0.197812694236636
18.4          0.13216688118875
18.41         2.90103095001541E-02
18.42         -8.89584882650524E-02
18.43         -0.191852152235806
18.44         -0.253711326699704
18.45         -0.261525965966284
18.46         -0.218380001205951
18.47         -0.140158499227837
18.48         -4.83438973641023E-02
18.49         3.72590405750088E-02
18.5          0.10291971148923
18.51         0.141800068477169
18.52         0.152552047390491
18.53         0.137698228424415
18.54         0.102902937289327
18.55         5.67044335976243E-02
18.56         9.45630730187986E-03
18.57         -2.91966232610866E-02
18.58         -5.34263383224607E-02
18.59         -6.28797557065263E-02
18.6          -6.12839317834005E-02
18.61         -5.24073467915878E-02
18.62         -3.60116832959466E-02
18.63         -7.00917217705864E-03
18.64         4.08068912057206E-02
18.65         0.10837231317535
18.66         0.18659599872306
18.67         0.257111281603575
18.68         0.299130305182189
18.69         0.298970657922328
18.7          0.256780365742743
18.71         0.186438397988677
18.72         0.108695554565638
18.73         0.041665769526735
18.74         -5.81720698799472E-03
18.75         -3.45782315265387E-02
18.76         -4.99627081537619E-02
18.77         -5.53713369509205E-02
18.78         -4.91479306295514E-02
18.79         -2.68262259894982E-02
18.8          0.013206534977071
18.81         6.50386253837496E-02
18.82         0.115258177053183
18.83         0.14804349694401
18.84         0.152157835420221
18.85         0.125498743867502
18.86         7.47468397580087E-02
18.87         1.11197173863184E-02
18.88         -5.44014072138816E-02
18.89         -0.113353556189686
18.9          -0.159094332531095
18.91         -0.185195773299783
18.92         -0.185562960170209
18.93         -0.157137872446328
18.94         -0.103443795600906
18.95         -3.59022901137359E-02
18.96         2.90356946387328E-02
18.97         7.60394855495542E-02
18.98         9.68878882750869E-02
18.99         9.26137929037213E-02
19            7.05476983822882E-02
19.01         0.03846694056876
19.02         3.18370435525139E-05
19.03         -4.53578293975443E-02
19.04         -0.098511906741187
19.05         -0.155601498261094
19.06         -0.206516420915723
19.07         -0.238040807023644
19.08         -0.239902633577585
19.09         -0.209722211714834
19.1          -0.153775010816753
19.11         -8.35230170935392E-02
19.12         -1.06763042940293E-02
19.13         5.59088376816362E-02
19.14         0.110111375609413
19.15         0.146583794374019
19.16         0.159718047715724
19.17         0.14530356477946
19.18         0.10408332567662
19.19         4.43514596298337E-02
19.2          -1.91045928548556E-02
19.21         -0.070052672191523
19.22         -9.72700951807201E-02
19.23         -9.85606579016894E-02
19.24         -7.99140150938183E-02
19.25         -0.050587405487895
19.26         -1.75855604605749E-02
19.27         1.67392102559097E-02
19.28         5.26379143819213E-02
19.29         8.84395204670727E-02
19.3          0.117340991813689
19.31         0.128374185254797
19.32         0.111422266541049
19.33         0.063268449367024
19.34         -9.1621078440221E-03
19.35         -9.04679743945599E-02
19.36         -0.162411823421717
19.37         -0.21034007968381
19.38         -0.227088314294815
19.39         -0.213016880191863
19.4          -0.173313244376332
19.41         -0.115011461097747
19.42         -4.56001827819273E-02
19.43         2.67371952789836E-02
19.44         9.27340080030263E-02
19.45         0.14305619657971
19.46         0.170903478898108
19.47         0.174721034634858
19.48         0.158984624147415
19.49         0.132072348156944
19.5          0.102166827656329
19.51         7.35738380486146E-02
19.52         4.56940808426589E-02
19.53         0.015243273221422
19.54         -1.97533859708346E-02
19.55         -5.67638330860063E-02
19.56         -8.83871878869832E-02
19.57         -0.105118849296123
19.58         -9.97417132370174E-02
19.59         -0.071069525834173
19.6          -2.52983805164695E-02
19.61         2.54857655055821E-02
19.62         6.69094557361677E-02
19.63         8.67036922741681E-02
19.64         7.85725998692215E-02
19.65         4.44740638649091E-02
19.66         -5.45482751098461E-03
19.67         -5.56085694534704E-02
19.68         -8.97232035733759E-02
19.69         -9.62520218454301E-02
19.7          -7.21765408013016E-02
19.71         -2.35325533663854E-02
19.72         3.76235984824598E-02
19.73         0.098301142025739
19.74         0.149198925029486
19.75         0.186777591314167
19.76         0.212290126103908
19.77         0.228995968401432
19.78         0.239506941530854
19.79         0.244619692079723
19.8          0.243723551463336
19.81         0.235912840794772
19.82         0.220914623010904
19.83         0.19958798199892
19.84         0.174255340453237
19.85         0.149027647292241
19.86         0.129697053842247
19.87         0.122523817587644
19.88         0.131781312134117
19.89         0.157048537954688
19.9          0.191984427217394
19.91         0.225878909099847
19.92         0.247660134583712
19.93         0.250358186066151
19.94         0.233488713093102
19.95         0.202019674535841
19.96         0.162740802392364
19.97         0.120498999897391
19.98         7.67323531955481E-02
19.99         0.030983788180165
20            -1.60789956548251E-02
20.01         -6.06577132595703E-02
20.02         -0.096495412196964
20.03         -0.117794881928712
20.04         -0.122218903563917
20.05         -0.111758782938123
20.06         -9.09266245085746E-02
20.07         -6.38029077183455E-02
20.08         -3.23159095295705E-02
20.09         2.9507417048444E-03
20.1          4.02572346618399E-02
20.11         7.48626283323392E-02
20.12         9.98132411297411E-02
20.13         0.109331384450197
20.14         0.102627314161509
20.15         8.53486822731793E-02
20.16         6.73377962596715E-02
20.17         5.78750233305618E-02
20.18         6.13377901213244E-02
20.19         7.59146155184135E-02
20.2          9.58823499083519E-02
20.21         0.115549240484834
20.22         0.131999130053446
20.23         0.144954769229516
20.24         0.154414732754231
20.25         0.158445784952492
20.26         0.153271666048095
20.27         0.135794128328562
20.28         0.106515630343929
20.29         7.02963092224672E-02
20.3          3.39728779694997E-02
20.31         2.44649016094627E-03
20.32         -0.023702323618345
20.33         -4.69690890563652E-02
20.34         -6.87616937700659E-02
20.35         -8.55600956641138E-02
20.36         -8.88377615343779E-02
20.37         -0.069651155769825
20.38         -2.52927868324332E-02
20.39         3.65051837288775E-02
20.4          9.90915576741099E-02
20.41         0.143773869210854
20.42         0.158133159913123
20.43         0.140882028210908
20.44         0.100663033425808
20.45         5.01144388318062E-02
20.46         -6.12088276102441E-04
20.47         -4.68488191394135E-02
20.48         -8.77632168866694E-02
20.49         -0.122324555441737
20.5          -0.14662231290713
20.51         -0.154854479916394
20.52         -0.143225354701281
20.53         -0.113634587991983
20.54         -7.41900980332866E-02
20.55         -3.59716527094133E-02
20.56         -8.21259768039454E-03
20.57         4.93378977582324E-03
20.58         4.29141146654729E-03
20.59         -6.9578143232502E-03
20.6          -2.58751832158305E-02
20.61         -5.02520539658144E-02
20.62         -7.69787767902017E-02
20.63         -0.100272750053555
20.64         -0.11200035517104
20.65         -0.104644868513569
20.66         -7.52134064538404E-02
20.67         -2.73608122486621E-02
20.68         0.029922290132381
20.69         8.63315718155354E-02
20.7          0.134384282408282
20.71         0.171113631483167
20.72         0.196674880888313
20.73         0.211498321741819
20.74         0.214549015145749
20.75         0.204146270323545
20.76         0.180573129057884
20.77         0.148139436962083
20.78         0.114681879132986
20.79         8.84228833112866E-02
20.8          7.42170591792092E-02
20.81         7.17770023830235E-02
20.82         7.70993116591126E-02
20.83         8.59687429480255E-02
20.84         9.68902271613479E-02
20.85         0.111226969538257
20.86         0.130433309655637
20.87         0.152508229818195
20.88         0.170533861778677
20.89         0.174823178183287
20.9          0.157714407909662
20.91         0.118158469107002
20.92         6.32472623465583E-02
20.93         5.70928817207459E-03
20.94         -4.11330973170698E-02
20.95         -0.068079780517146
20.96         -7.20825970591977E-02
20.97         -5.51839473936707E-02
20.98         -2.18777959048748E-02
20.99         2.29675159044564E-02
21            7.44532273057848E-02
21.01         0.126775538222864
21.02         0.172721926420927
21.03         0.204805525615811
21.04         0.217874856591225
21.05         0.211620985362679
21.06         0.191120227016509
21.07         0.164677893575281
21.08         0.140012318836525
21.09         0.121013235105202
21.1          0.107006193464622
21.11         9.48549758456647E-02
21.12         8.23760217893869E-02
21.13         7.07036728598177E-02
21.14         0.063975935052149
21.15         6.64966240385547E-02
21.16         7.91728439647704E-02
21.17         9.75140793900937E-02
21.18         0.1125490889512
21.19         0.114363525649533
21.2          9.65427106898278E-02
21.21         0.059367091152817
21.22         1.02551437402144E-02
21.23         -3.87212533364072E-02
21.24         -7.51062014093623E-02
21.25         -9.02322402410209E-02
21.26         -8.15756019204855E-02
21.27         -0.052525428570807
21.28         -1.00603823515121E-02
21.29         3.82289520394988E-02
21.3          8.62250337190926E-02
21.31         0.129694249005988
21.32         0.165391728971154
21.33         0.190051081907004
21.34         0.200363176614046
21.35         0.194141391981393
21.36         0.17180256139487
21.37         0.136874995278195
21.38         9.48756420984864E-02
21.39         5.11475733155385E-02
21.4          9.1794896061765E-03
21.41         -2.93016744288616E-02
21.42         -6.25240622693673E-02
21.43         -0.08675363115035
21.44         -9.63329418282956E-02
21.45         -8.65297010634095E-02
21.46         -5.78339329361916E-02
21.47         -1.87044148973655E-02
21.48         1.58698297874071E-02
21.49         3.02055123564787E-02
21.5          1.53613949718419E-02
21.51         -0.026103921267204
21.52         -8.10883187223226E-02
21.53         -0.132310402924195
21.54         -0.166473025325686
21.55         -0.179562236834317
21.56         -0.176519126538187
21.57         -0.166130469851196
21.58         -0.154877960141748
21.59         -0.143785600187257
21.6          -0.129883369887248
21.61         -0.110560140274465
21.62         -8.71484187059104E-02
21.63         -0.064935970203951
21.64         -4.96861942391843E-02
21.65         -4.35230279434472E-02
21.66         -4.35654522338882E-02
21.67         -4.45797248790041E-02
21.68         -4.37410468608141E-02
21.69         -4.37641616351903E-02
21.7          -0.051678993855603
21.71         -7.36768267024309E-02
21.72         -0.109518385715783
21.73         -0.150605235211551
21.74         -0.183501341566443
21.75         -0.196982426159084
21.76         -0.18821673726663
21.77         -0.164187860358506
21.78         -0.137580160349607
21.79         -0.119903058987111
21.8          -0.116183471521363
21.81         -0.124159548757598
21.82         -0.137690946813673
21.83         -0.151398008018732
21.84         -0.16320169089362
21.85         -0.173454527724534
21.86         -0.182105282284319
21.87         -0.186685771755874
21.88         -0.182995064053684
21.89         -0.168005379550159
21.9          -0.142637462848797
21.91         -0.11207253173925
21.92         -8.31452138721943E-02
21.93         -6.05903789168224E-02
21.94         -4.48208814114332E-02
21.95         -3.27981312316842E-02
21.96         -2.13057851814665E-02
21.97         -1.01889297331218E-02
21.98         -3.17210535518825E-03
21.99         -5.60908779501915E-03
22            -0.020684619017411
22.01         -4.66449294704944E-02
22.02         -7.69158918131143E-02
22.03         -0.103051054570824
22.04         -0.11868360389024
22.05         -0.122175579350442
22.06         -0.116626279335469
22.07         -0.107555566783994
22.08         -9.97970881965011E-02
22.09         -9.52811921853572E-02
22.1          -9.26062006596476E-02
22.11         -8.82225339487195E-02
22.12         -7.83698111213744E-02
22.13         -6.08154693106189E-02
22.14         -3.57668928103521E-02
22.15         -5.78015482693445E-03
22.16         2.51594154979102E-02
22.17         5.29804241750389E-02
22.18         7.47957142582163E-02
22.19         8.96540876571089E-02
22.2          0.098547894526273
22.21         0.103753067627549
22.22         0.107840499775484
22.23         0.112763243224472
22.24         0.119288452668115
22.25         0.126822873260826
22.26         0.133546604812145
22.27         0.136803686656058
22.28         0.133789693666622
22.29         0.12254920729436
22.3          0.103041297029704
22.31         0.077734392369166
22.32         5.11650007590652E-02
22.33         2.83605216722935E-02
22.34         1.27725139749236E-02
22.35         4.85852457582951E-03
22.36         2.21067649326869E-03
22.37         1.20716352437739E-03
22.38         -8.29764868685743E-04
22.39         -4.30401181656634E-03
22.4          -7.58553576422855E-03
22.41         -8.48566493543331E-03
22.42         -5.87233184196521E-03
22.43         -4.00136808566458E-04
22.44         5.91184280288871E-03
22.45         0.010716470782645
22.46         1.21864128322341E-02
22.47         9.25562903343234E-03
22.48         1.45734869453008E-03
22.49         -0.011128781712614
22.5          -2.75531765073538E-02
22.51         -4.55645969929174E-02
22.52         -6.16695008380339E-02
22.53         -7.20505652809516E-02
22.54         -7.40632362943143E-02
22.55         -0.067465260992758
22.56         -5.45508538233116E-02
22.57         -3.90100509719923E-02
22.58         -2.41726613114588E-02
22.59         -1.17137122701388E-02
22.6          -1.56355674305814E-03
22.61         7.06440152716823E-03
22.62         1.43612607114483E-02
22.63         1.92807253799401E-02
22.64         1.99839741177857E-02
22.65         1.49940859037451E-02
22.66         4.22530052805087E-03
22.67         -1.07873614202254E-02
22.68         -2.75129472068511E-02
22.69         -4.33857006020844E-02
22.7          -5.64532500039786E-02
22.71         -6.54278261074796E-02
22.72         -6.93729470763356E-02
22.73         -6.75136010209099E-02
22.74         -5.94727110536769E-02
22.75         -4.58089694939554E-02
22.76         -2.84064954053611E-02
22.77         -1.03063811094034E-02
22.78         5.08022426976822E-03
22.79         1.50485723605379E-02
22.8          1.84575322049204E-02
22.81         1.59800315299071E-02
22.82         9.66431229142472E-03
22.83         2.04451464145677E-03
22.84         -4.78570275823586E-03
22.85         -9.7321354248561E-03
22.86         -1.26848594157491E-02
22.87         -1.40164211683441E-02
22.88         -1.39428170572501E-02
22.89         -1.21818526892457E-02
22.9          -8.17333225684706E-03
22.91         -1.76635419891682E-03
22.92         6.06887252011802E-03
22.93         1.30503686377779E-02
22.94         0.016211716029793
22.95         0.013150225833524
22.96         3.25228872592561E-03
22.97         -1.18370154302102E-02
22.98         -2.88528617983684E-02
22.99         -4.43538670381531E-02
23            -5.61423882655799E-02
23.01         -6.38212990388274E-02
23.02         -6.81959299743176E-02
23.03         -7.00088911643252E-02
23.04         -6.89761495403945E-02
23.05         -0.063894645050168
23.06         -5.38294216152281E-02
23.07         -0.039561886517331
23.08         -0.024191607660614
23.09         -1.22798460850026E-02
23.1          -7.88989989843685E-03
23.11         -1.26576047670096E-02
23.12         -2.50662506232038E-02
23.13         -4.13498691329733E-02
23.14         -5.74190729856491E-02
23.15         -7.05922240158543E-02
23.16         -8.01403023395687E-02
23.17         -0.086533830659464
23.18         -9.01753943413496E-02
23.19         -0.090675203371793
23.2          -8.72106184624136E-02
23.21         -7.96080412622541E-02
23.22         -6.92039899528027E-02
23.23         -5.87043229630217E-02
23.24         -5.10279292333871E-02
23.25         -4.78986227558926E-02
23.26         -4.91377528198063E-02
23.27         -5.30848198151216E-02
23.28         -5.77573070023209E-02
23.29         -6.18659170344472E-02
23.3          -6.50032360246405E-02
23.31         -0.067017222661525
23.32         -6.72392843803391E-02
23.33         -6.43243560148403E-02
23.34         -5.69405012251809E-02
23.35         -4.48236314300448E-02
23.36         -2.93780582514592E-02
23.37         -1.33069312130101E-02
23.38         5.22828766152088E-04
23.39         1.02261132281274E-02
23.4          0.01533073249273
23.41         1.63526019500569E-02
23.42         1.40148029057309E-02
23.43         8.80838041892275E-03
23.44         1.20410330069717E-03
23.45         -7.79538571019657E-03
23.46         -1.64027007110417E-02
23.47         -2.24889989616349E-02
23.48         -2.45195679366589E-02
23.49         -0.02231894091703
23.5          -1.70799955772236E-02
23.51         -1.05885994853452E-02
23.52         -4.23096045007696E-03
23.53         1.49670490980498E-03
23.54         6.67739179625642E-03
23.55         1.12175029318314E-02
23.56         0.01436340887798
23.57         1.49699364462867E-02
23.58         1.23513911082409E-02
23.59         7.01502624491695E-03
23.6          6.20051324440283E-04
23.61         -4.88942802418023E-03
23.62         -0.008342650263221
23.63         -9.76819630013779E-03
23.64         -9.85713564790785E-03
23.65         -8.9287611132022E-03
23.66         -6.30941635114141E-03
23.67         -7.36312415465363E-04
23.68         8.43708165397402E-03
23.69         2.01743489527144E-02
23.7          3.17741946922615E-02
23.71         4.01661323010922E-02
23.72         4.37108332011849E-02
23.73         4.32806334458292E-02
23.74         4.18221460003406E-02
23.75         4.26130778482184E-02
23.76         4.73129099048674E-02
23.77         5.50394480768591E-02
23.78         6.30033694999293E-02
23.79         6.82085654418916E-02
23.8          6.90919289784506E-02
23.81         6.61378882220015E-02
23.82         0.061285740765743
23.83         5.67361638788134E-02
23.84         5.40189993102103E-02
23.85         5.37850193213671E-02
23.86         5.61357233533636E-02
23.87         0.060930129555054
23.88         6.76904381811619E-02
23.89         7.52428480982781E-02
23.9          8.16062632575631E-02
23.91         8.45340829063207E-02
23.92         8.25802266597748E-02
23.93         7.60402027470991E-02
23.94         6.70528815407306E-02
23.95         5.86394097330049E-02
23.96         5.31743872817606E-02
23.97         5.12062647426501E-02
23.98         5.13496448658407E-02
23.99         5.12816298706457E-02
24            4.91674183029681E-02
24.01         4.46045390004292E-02
24.02         3.85629582451656E-02
24.03         3.24988383008167E-02
24.04         2.73415484139696E-02
24.05         2.30425384221599E-02
24.06         1.88905938982498E-02
24.07         1.42405077139847E-02
24.08         9.07166215300094E-03
24.09         4.01782230183016E-03
24.1          -4.61966751163345E-05
24.11         -2.46967488492373E-03
24.12         -3.0005815095501E-03
24.13         -1.63386822649045E-03
24.14         1.61444878962357E-03
24.15         6.72771039884537E-03
24.16         1.34481197723653E-02
24.17         2.09967210050672E-02
24.18         2.80596116208471E-02
24.19         3.31695207883604E-02
24.2          3.53126943460666E-02
24.21         3.44019219861366E-02
24.22         3.13203091453761E-02
24.23         2.75043819495477E-02
24.24         2.43084286339581E-02
24.25         0.022491289882455
24.26         2.20497268857434E-02
24.27         2.23975791153498E-02
24.28         2.27181846904568E-02
24.29         2.22952482732944E-02
24.3          2.07186265150085E-02
24.31         1.79689996212255E-02
24.32         1.44194576377049E-02
24.33         1.07569444784895E-02
24.34         7.79572832048871E-03
24.35         6.18892773461994E-03
24.36         6.13569580251351E-03
24.37         7.24717897886876E-03
24.38         8.69404793833383E-03
24.39         9.60718887741678E-03
24.4          9.53436648880597E-03
24.41         8.69098214723635E-03
24.42         7.8442156710662E-03
24.43         7.88246468408033E-03
24.44         9.31056773581077E-03
24.45         1.19530963653233E-02
24.46         1.50190073763952E-02
24.47         1.74672537005972E-02
24.48         1.84551213704981E-02
24.49         1.76387529924978E-02
24.5          1.52200739365071E-02
24.51         1.17932275508065E-02
24.52         8.12988299061544E-03
24.53         5.01112948113587E-03
24.54         3.11633096920559E-03
24.55         2.91102831833996E-03
24.56         4.49878319806885E-03
24.57         7.49208138382528E-03
24.58         1.10247606597841E-02
24.59         1.39934891194571E-02
24.6          1.54795932385605E-02
24.61         1.51560343627352E-02
24.62         0.013443790320307
24.63         0.01129744533333
24.64         9.7130223386921E-03
24.65         9.22573571442627E-03
24.66         9.68232902465388E-03
24.67         1.04115601850208E-02
24.68         1.06763705320191E-02
24.69         1.01246720307972E-02
24.7          8.96952088864055E-03
24.71         7.81174706469756E-03
24.72         7.24594786588568E-03
24.73         7.51350252132397E-03
24.74         8.41038431797642E-03
24.75         9.47276630031411E-03
24.76         1.02841491275467E-02
24.77         1.06934645015281E-02
24.78         1.08257440512534E-02
24.79         1.09241223125719E-02
24.8          1.11662587104365E-02
24.81         1.15851306274999E-02
24.82         1.21207709843293E-02
24.83         1.27254084858578E-02
24.84         1.34170073317364E-02
24.85         1.42361223022453E-02
24.86         1.51514148339629E-02
24.87         1.60055605648085E-02
24.88         1.65610746026505E-02
24.89         1.66244894836564E-02
24.9          1.61633154738229E-02
24.91         1.53333580296021E-02
24.92         1.43989569798578E-02
24.93         1.36033644899726E-02
24.94         1.30735302355606E-02
24.95         0.012808023247635
24.96         1.27324731100816E-02
24.97         1.27660260780249E-02
24.98         1.28515541693196E-02
24.99         1.29450593702495E-02
25            1.29952369316015E-02
