Horizontal-Spectrum-NTC - Comune Norcia (PG) - SLV q=4 VR=50 Suolo=B Topo=T4 h/H=1 (15)
Time (s)      Acc. (m/s^2)
0             -1.22505300643388E-02
0.01          -0.012101541410666
0.02          -1.23556897253729E-02
0.03          -1.32877815817483E-02
0.04          -1.51833518233616E-02
0.05          -1.80282495031133E-02
0.06          -0.021339052640833
0.07          -2.43031295947731E-02
0.08          -0.026194939117413
0.09          -2.68422464467585E-02
9.999999E-02  -2.68552199564874E-02
0.11          -2.74449915974401E-02
0.12          -0.029882743768394
0.13          -3.48577923886478E-02
0.14          -4.20598901342601E-02
0.15          -0.050195025340654
0.16          -5.74167889170349E-02
0.17          -6.19579741358757E-02
0.18          -6.26982773188502E-02
0.19          -0.059504601219669
0.2           -5.33236237568781E-02
0.21          -4.60537257185206E-02
0.22          -4.01786946784705E-02
0.23          -0.038102969666943
0.24          -4.12443451629952E-02
0.25          -4.91970061277971E-02
0.26          -5.94734602281824E-02
0.27          -6.82223703525961E-02
0.28          -7.18265392631292E-02
0.29          -6.86794398911297E-02
0.3           -0.060148370526731
0.31          -5.00590730085969E-02
0.32          -4.28701863158494E-02
0.33          -4.15249841054902E-02
0.34          -4.62082475284114E-02
0.35          -5.46878339862451E-02
0.36          -6.39143291534856E-02
0.37          -7.17801132844761E-02
0.38          -7.79248471464962E-02
0.39          -0.083223520880565
0.4           -8.85313308890909E-02
0.41          -9.37347863707692E-02
0.42          -9.78148820903152E-02
0.43          -9.97975632827729E-02
0.44          -9.97684277035296E-02
0.45          -9.90814346820116E-02
0.46          -0.099494513059035
0.47          -0.10174340701662
0.48          -0.104489396531135
0.49          -0.104389765458182
0.5           -0.097419400177896
0.51          -8.09075301233679E-02
0.52          -5.53769146464765E-02
0.53          -2.52919417270459E-02
0.54          1.77430475625442E-03
0.55          1.74424624198582E-02
0.56          1.55550405930262E-02
0.57          -5.21996644267347E-03
0.58          -0.040333709847182
0.59          -8.04542978201062E-02
0.6           -0.114466756414622
0.61          -0.133293338147923
0.62          -0.133024969222024
0.63          -0.116069395998493
0.64          -8.98382018599659E-02
0.65          -6.35701839672402E-02
0.66          -4.47203823924065E-02
0.67          -3.64955221186392E-02
0.68          -3.74981916951947E-02
0.69          -4.33611285919324E-02
0.7           -4.93198159290478E-02
0.71          -5.23521728301421E-02
0.72          -5.19564762152731E-02
0.73          -0.049496497772634
0.74          -4.68111548479646E-02
0.75          -4.50301797548309E-02
0.76          -4.42021226556972E-02
0.77          -4.37202344276011E-02
0.78          -4.30415051663294E-02
0.79          -4.21269275480881E-02
0.8           -4.13561868667603E-02
0.81          -4.11115265730768E-02
0.82          -4.14560554828495E-02
0.83          -4.22153027309105E-02
0.84          -4.34374804375693E-02
0.85          -0.045911346017383
0.86          -5.13451817957684E-02
0.87          -0.061981431520544
0.88          -7.97135469596833E-02
0.89          -0.10507069199346
0.9           -0.136591396182775
0.91          -0.17103367080912
0.92          -0.204470516704023
0.93          -0.233767515644431
0.94          -0.257548251338303
0.95          -0.275925538502634
0.96          -0.289040660485625
0.97          -0.29537176977843
0.98          -0.29113931754604
0.9899999     -0.27156627478078
1             -0.233493482228369
1.01          -0.177783513832837
1.02          -0.109879542645067
1.03          -3.79704228811897E-02
1.04          3.02106537949294E-02
1.05          8.99921572208405E-02
1.06          0.140203678105026
1.07          0.181414488572627
1.08          0.213536423575133
1.09          0.234850767161697
1.1           0.243461559657007
1.11          0.240264082867652
1.12          0.2311366340518
1.13          0.22627979055047
1.14          0.236355018205941
1.15          0.267213114090264
1.16          0.31606652777642
1.17          0.37133283868432
1.18          0.416465778686106
1.19          0.436152842156589
1.2           0.422239392511547
1.21          0.377021412067115
1.22          0.312737744450569
1.23          0.247477865908295
1.24          0.198959863130003
1.25          0.17834407908842
1.26          0.186393940877169
1.27          0.213574814200401
1.28          0.244251682944596
1.29          0.263347921818495
1.3           0.262547785174102
1.31          0.243151876498014
1.32          0.214245234020054
1.33          0.187246062923223
1.34          0.169870111439377
1.35          0.16285897096619
1.36          0.161151949446648
1.37          0.158454683683813
1.38          0.15205925501883
1.39          0.144701255885884
1.4           0.142264474444091
1.41          0.149006889676675
1.42          0.163679956588894
1.43          0.179327635578811
1.44          0.187099443990737
1.45          0.181695392467082
1.46          0.164989221263677
1.47          0.145502653336152
1.48          0.134030233500525
1.49          0.138093344885856
1.5           0.158551034834236
1.51          0.190260357409716
1.52          0.226057669445872
1.53          0.261287911199033
1.54          0.295861254818738
1.55          0.332608556672931
1.56          0.373213230147958
1.57          0.414621603414416
1.58          0.448451912105084
1.59          0.463920282572508
1.6           0.452557315304875
1.61          0.411965542249382
1.62          0.346646369285882
1.63          0.265816561449319
1.64          0.179832506105304
1.65          9.73850477859378E-02
1.66          2.47264405991882E-02
1.67          -3.33848696295172E-02
1.68          -7.25791581440717E-02
1.69          -8.92346047516912E-02
1.7           -8.26863993052393E-02
1.71          -5.79267985979095E-02
1.72          -2.63890712452121E-02
1.73          -3.04765702021541E-03
1.74          -2.64221092984371E-04
1.75          -0.021273116148077
1.76          -5.72049963707104E-02
1.77          -9.01521790679544E-02
1.78          -0.101579008894041
1.79          -8.21880886238068E-02
1.8           -3.81072340230458E-02
1.81          1.02365662681404E-02
1.82          3.66432808013633E-02
1.83          2.13633665512316E-02
1.84          -3.87837043404579E-02
1.85          -0.127461069440469
1.86          -0.214774534944445
1.87          -0.269547030217946
1.88          -0.272165815383196
1.89          -0.221996577177197
1.9           -0.136166870053858
1.91          -0.040838128128089
1.92          4.03162047453225E-02
1.93          9.48324914742261E-02
1.94          0.123764852564782
1.95          0.137590009253472
1.96          0.148873445251957
1.97          0.165924392044544
1.98          0.190384428016841
1.99          0.219015703182667
2             0.247578474562615
2.01          0.272451506685466
2.02          0.294870773032308
2.03          0.314841134101152
2.04          0.329384694322944
2.05          0.331627722792327
2.06          0.313233369067311
2.07          0.269423745330423
2.08          0.203929356895387
2.09          0.130645892489702
2.1           7.01344555523247E-02
2.11          0.041860340195708
2.12          5.57661975966766E-02
2.13          0.107705776272342
2.14          0.181488163489848
2.15          0.256682077702135
2.16          0.31798086963594
2.17          0.36103720754385
2.18          0.391909373290837
2.19          0.421086650490761
2.2           0.455999278798699
2.21          0.496204770170152
2.22          0.533197326175869
2.23          0.553990682847798
2.24          0.545966804623604
2.25          0.500838103853166
2.26          0.416906914561987
2.27          0.299903325363994
2.28          0.162690424975008
2.29          2.35638085613027E-02
2.3           -9.74002048652619E-02
2.31          -0.183723170310259
2.32          -0.227995052989572
2.33          -0.23485071234405
2.34          -0.219439534954727
2.35          -0.201506270729005
2.36          -0.197673621866852
2.37          -0.215623203478754
2.38          -0.252731497809291
2.39          -0.299073166921735
2.4           -0.342389925196767
2.41          -0.372269964627922
2.42          -0.382317344918847
2.43          -0.370934277847409
2.44          -0.341818177141249
2.45          -0.30406299803406
2.46          -0.270408251993358
2.47          -0.252496841736138
2.48          -0.254328829217702
2.49          -0.26767635975033
2.5           -0.273451855648309
2.51          -0.249925199747086
2.52          -0.184004823379219
2.53          -7.90786032937467E-02
2.54          4.54964312491939E-02
2.55          0.162960621155798
2.56          0.25034777071327
2.57          0.295548867322505
2.58          0.296948014665395
2.59          0.257931920047849
2.6           0.182132764197886
2.61          7.40688962163404E-02
2.62          -5.51396912802011E-02
2.63          -0.182314557787031
2.64          -0.273466345779598
2.65          -0.294263594504446
2.66          -0.225764248855412
2.67          -7.68524677958339E-02
2.68          0.114571494664997
2.69          0.293874279577285
2.7           0.410320903211832
2.71          0.43639425907284
2.72          0.377021631337702
2.73          0.265323367081583
2.74          0.147988058030605
2.75          6.73972779745236E-02
2.76          4.76463976269588E-02
2.77          8.85951934475452E-02
2.78          0.168319265395403
2.79          0.251684955842793
2.8           0.301749291345477
2.81          0.290786438081414
2.82          0.208231975715607
2.83          6.35807820456103E-02
2.84          -0.116545688258484
2.85          -0.296282181255519
2.86          -0.440824877098203
2.87          -0.525807797759771
2.88          -0.542917481660843
2.89          -0.500525168180466
2.9           -0.419912310317159
2.91          -0.328849747180939
2.92          -0.254438501056284
2.93          -0.216682828590274
2.94          -0.223753135576844
2.95          -0.269740244150162
2.96          -0.335670962780714
2.97          -0.39424931935966
2.98          -0.417829678282142
2.99          -0.387726713754237
3             -0.301741763055325
3.01          -0.176645919755101
3.02          -4.37496440950781E-02
3.03          6.15547400945798E-02
3.04          0.112516353679821
3.05          0.100725589497015
3.06          3.84836234059185E-02
3.07          -4.72499015880749E-02
3.08          -0.126511180121452
3.09          -0.178228212855756
3.1           -0.197111667897552
3.11          -0.192911283988506
3.12          -0.183060187418014
3.13          -0.182718764841557
3.14          -0.197198535595089
3.15          -0.220352248772979
3.16          -0.239374355915934
3.17          -0.242992009967566
3.18          -0.228141580559313
3.19          -0.201120464131236
3.2           -0.172667985856533
3.21          -0.15038189898245
3.22          -0.133725812835619
3.23          -0.115162721257657
3.24          -8.67137513123453E-02
3.25          -0.047389933266677
3.26          -6.15122232993599E-03
3.27          2.20396724157035E-02
3.28          2.48878717166372E-02
3.29          7.09407157846726E-04
3.3           -3.95546323154122E-02
3.31          -7.78620718047023E-02
3.32          -9.90258404519409E-02
3.33          -9.91324973199517E-02
3.34          -8.72683688532561E-02
3.35          -7.94489695876837E-02
3.36          -8.84331798925996E-02
3.37          -0.115570217370987
3.38          -0.149441876839846
3.39          -0.17182107148692
3.4           -0.167214854266495
3.41          -0.130637998748571
3.42          -6.99035225110129E-02
3.43          -2.0805947885674E-03
3.44          5.34650943987072E-02
3.45          8.22079691570252E-02
3.46          7.93164570629597E-02
3.47          5.10720574390143E-02
3.48          1.26670208398718E-02
3.49          -1.70882650476415E-02
3.5           -2.27653666958213E-02
3.51          1.33002343238331E-03
3.52          4.82029292173684E-02
3.53          0.100392654519528
3.54          0.136878996966407
3.55          0.1417095279973
3.56          0.110316722514108
3.57          5.07148565165699E-02
3.58          -2.03848098870367E-02
3.59          -8.38667785562575E-02
3.6           -0.123537907507271
3.61          -0.128702451596037
3.62          -9.46677644457668E-02
3.63          -2.31779905431904E-02
3.64          7.61649083252996E-02
3.65          0.18469479482621
3.66          0.276337383482605
3.67          0.323791247829795
3.68          0.307862372584641
3.69          0.225686864610761
3.7           0.093176943724975
3.71          -6.02841995190829E-02
3.72          -0.202703817039728
3.73          -0.310689939893782
3.74          -0.375833477117121
3.75          -0.403941810205579
3.76          -0.408673669472337
3.77          -0.403663775101304
3.78          -0.397218352742493
3.79          -0.391409436352551
3.8           -0.384548350051045
3.81          -0.374333264306188
3.82          -0.35934630241245
3.83          -0.338450656011701
3.84          -0.30954099856317
3.85          -0.269584105219692
3.86          -0.21667246805504
3.87          -0.152852137461305
3.88          -8.53284088801593E-02
3.89          -2.43359173997305E-02
3.9           2.18895885511301E-02
3.91          5.23207531822845E-02
3.92          7.50549103645608E-02
3.93          0.103906392585486
3.94          0.15065160180442
3.95          0.216810334436595
3.96          0.28984582208097
3.97          0.346887749657035
3.98          0.365134132280946
3.99          0.33402690846473
4             0.262514510862529
4.01          0.17666495975107
4.02          0.107892713584006
4.03          7.74150521680713E-02
4.04          8.51077404431999E-02
4.05          0.108950867755339
4.06          0.115676399152726
4.07          7.71919717546552E-02
4.08          -1.56928555830382E-02
4.09          -0.149097622018307
4.1           -0.293035624399781
4.11          -0.415244843512774
4.12          -0.494435914345086
4.13          -0.526591141931713
4.14          -0.522311162799597
4.15          -0.498195820190012
4.16          -0.467954788282514
4.17          -0.43812890868634
4.18          -0.409738849438727
4.19          -0.383307899795473
4.2           -0.362866106964648
4.21          -0.355668805763125
4.22          -0.367647009752691
4.23          -0.397753994241357
4.24          -0.435374979749322
4.25          -0.463168878816068
4.26          -0.464312703832984
4.27          -0.430381823033094
4.28          -0.365659796968102
4.29          -0.285781952384859
4.3           -0.211635585129261
4.31          -0.16158499058336
4.32          -0.145226582530886
4.33          -0.160490738991648
4.34          -0.194288851451129
4.35          -0.22607924932614
4.36          -0.23367348510772
4.37          -0.200534500032663
4.38          -0.123028340935707
4.39          -1.49229600070976E-02
4.4           9.39502105861902E-02
4.41          0.166453400608152
4.42          0.172502966467291
4.43          0.103550753965974
4.44          -1.99227291019633E-02
4.45          -0.15294904592447
4.46          -0.242359195053577
4.47          -0.248470065314323
4.48          -0.162434609290212
4.49          -1.09529346961062E-02
4.5           0.154170008506626
4.51          0.276973889451474
4.52          0.31932280562818
4.53          0.274326343294233
4.54          0.166072436235845
4.55          0.037074670556467
4.56          -6.98322641383857E-02
4.57          -0.126785734305158
4.58          -0.127479954119772
4.59          -8.40609883423895E-02
4.6           -1.79372145223897E-02
4.61          0.049934719176963
4.62          0.104997948976234
4.63          0.140182116497308
4.64          0.1539374172315
4.65          0.148031208654866
4.66          0.126857828646898
4.67          9.80366651527584E-02
4.68          7.26498637720943E-02
4.69          6.34598451806232E-02
4.7           8.07734644319862E-02
4.71          0.127355381017551
4.72          0.194932538531721
4.73          0.264612638019025
4.74          0.311997998580337
4.75          0.315618631057441
4.76          0.265525900013745
4.77          0.168399956971407
4.78          4.65990608045831E-02
4.79          -6.91068576509133E-02
4.8           -0.150671856924891
4.81          -0.183405794408172
4.82          -0.171522717308253
4.83          -0.135956808831543
4.84          -0.105189938647673
4.85          -0.103122271830216
4.86          -0.139446427132934
4.87          -0.206698196232319
4.88          -0.284764609951526
4.89          -0.350049119889736
4.9           -0.384620416983962
4.91          -0.381483531966805
4.92          -0.344721538983285
4.93          -0.285980666354299
4.94          -0.219917490016669
4.95          -0.160428192056715
4.96          -0.117874714694917
4.97          -9.66607970371842E-02
4.98          -9.31473421957344E-02
4.99          -0.095320532983169
5             -8.60912877973169E-02
5.01          -5.05811608443037E-02
5.02          1.51851356809493E-02
5.03          9.89708126708865E-02
5.04          0.174607982374728
5.05          0.212398701589555
5.06          0.193356001283973
5.07          0.120090553611517
5.08          1.81953348324168E-02
5.09          -7.33455179817975E-02
5.1           -0.118470655605197
5.11          -9.93219653796405E-02
5.12          -2.33767821709625E-02
5.13          8.03505280148238E-02
5.14          0.17338258869946
5.15          0.221931015271693
5.16          0.207000789642334
5.17          0.127476710742339
5.18          -2.82359788339818E-03
5.19          -0.160772629603744
5.2           -0.319155136719346
5.21          -0.450439709611237
5.22          -0.529983440637589
5.23          -0.539881607294083
5.24          -0.47340055603534
5.25          -0.338325123600662
5.26          -0.157031763754785
5.27          3.78140441235155E-02
5.28          0.211109573263675
5.29          0.334311558231711
5.3           0.392722757533193
5.31          0.388775667697191
5.32          0.340177923515439
5.33          0.273257143367082
5.34          0.213455896452069
5.35          0.176334062162787
5.36          0.162736508343369
5.37          0.160380756519735
5.38          0.151268346011639
5.39          0.121420283541083
5.4           6.82451973343268E-02
5.41          2.1533655001258E-03
5.42          -5.78727758070454E-02
5.43          -9.20240463875234E-02
5.44          -8.67801172100008E-02
5.45          -3.85287748742849E-02
5.46          4.67600922100246E-02
5.47          0.15624058065936
5.48          0.273213545065373
5.49          0.379515761174262
5.5           0.457723037973046
5.51          0.494174653440714
5.52          0.482912002466619
5.53          0.429082498624921
5.54          0.349400846399367
5.55          0.267928630560637
5.56          0.207663169540465
5.57          0.181108350288123
5.58          0.184431359488517
5.59          0.198835975248367
5.6           0.199416640307754
5.61          0.167614401821047
5.62          0.100856868624687
5.63          1.38765973399859E-02
5.64          -6.94958528084681E-02
5.65          -0.129798174127936
5.66          -0.163030659835786
5.67          -0.182782261949033
5.68          -0.21186845049262
5.69          -0.268161623831838
5.7           -0.352796982340515
5.71          -0.447553779780865
5.72          -0.52278825905174
5.73          -0.551224182397127
5.74          -0.519911611676216
5.75          -0.434365969598293
5.76          -0.313913217522204
5.77          -0.182185608409345
5.78          -5.86074601812288E-02
5.79          4.51899823313579E-02
5.8           0.123958687763661
5.81          0.175457564536482
5.82          0.198591050002724
5.83          0.194529354739934
5.84          0.169523115735501
5.85          0.1365674225986
5.86          0.113541078222916
5.87          0.117511090971529
5.88          0.157250285167247
5.89          0.227450183853507
5.9           0.307869243063033
5.91          0.368822153918445
5.92          0.381662676036358
5.93          0.330456306226552
5.94          0.219974920637906
5.95          7.62122113863006E-02
5.96          -6.15379750309512E-02
5.97          -0.154388895370066
5.98          -0.17799596875906
5.99          -0.13125236752443
6             -3.58577850367874E-02
6.01          7.29110881313682E-02
6.02          0.159947624020278
6.03          0.202432250417769
6.04          0.19540616299957
6.05          0.149481747541577
6.06          8.32216662168503E-02
6.07          1.47078098799102E-02
6.08          -4.38563786214218E-02
6.09          -8.71780567802489E-02
6.1           -0.114749597199261
6.11          -0.127930189725012
6.12          -0.128095382703468
6.13          -0.116350455209613
6.14          -9.41189484391362E-02
6.15          -6.35742039280012E-02
6.16          -2.73253863444552E-02
6.17          1.24733478098642E-02
6.18          5.48659045435488E-02
6.19          9.99536930769682E-02
6.2           0.147671714527532
6.21          0.196069803703576
6.22          0.240223225448281
6.23          0.272761957291514
6.24          0.286118404828012
6.25          0.275490925926715
6.26          0.240935142226517
6.27          0.187468768749386
6.28          0.123336507473141
6.29          5.77063220227137E-02
6.3           -8.70763971688575E-04
6.31          -4.49660522444174E-02
6.32          -6.87120244139805E-02
6.33          -6.93139221752063E-02
6.34          -4.95078632980585E-02
6.35          -1.91339214378968E-02
6.36          6.51827957946807E-03
6.37          1.23354859964456E-02
6.38          -9.17366466019303E-03
6.39          -5.29079278372228E-02
6.4           -0.10246830644086
6.41          -0.138181235846132
6.42          -0.148013621326536
6.43          -0.135090635195375
6.44          -0.116794825326651
6.45          -0.115047860015184
6.46          -0.142731831427664
6.47          -0.19399926809594
6.48          -0.244546199887991
6.49          -0.262513578962535
6.5           -0.224562938399613
6.51          -0.128515450330451
6.52          4.36993489041925E-03
6.53          0.138771694991738
6.54          0.241311246100813
6.55          0.294795837309211
6.56          0.303629975169897
6.57          0.288372616097331
6.58          0.273204079885036
6.59          0.273358336742967
6.6           0.28888225575909
6.61          0.307112796083093
6.62          0.311444121077657
6.63          0.290966294780374
6.64          0.245818353015929
6.65          0.18605306647718
6.66          0.125592034365982
6.67          7.51640660036355E-02
6.68          3.80479921353981E-02
6.69          1.03314247797243E-02
6.7           -1.51723608851898E-02
6.71          -4.38699688296765E-02
6.72          -7.58656862005591E-02
6.73          -0.105598887428641
6.74          -0.124734028559178
6.75          -0.126953129125759
6.76          -0.112340133218095
6.77          -8.89130261633545E-02
6.78          -6.98463522735983E-02
6.79          -0.066942049395293
6.8           -8.32035033032298E-02
6.81          -0.108657712116838
6.82          -0.122721307296306
6.83          -0.103356123911217
6.84          -3.93038415815681E-02
6.85          6.09241361590102E-02
6.86          0.168988168593496
6.87          0.247135346978903
6.88          0.264933302979916
6.89          0.214136201720685
6.9           0.11375113944523
6.91          2.20844353068969E-03
6.92          -7.96496478561312E-02
6.93          -0.106107403328642
6.94          -7.59072151361033E-02
6.95          -9.40394445788115E-03
6.96          6.37275471584871E-02
6.97          0.118842191342264
6.98          0.145234129093587
6.99          0.146160410279408
7             0.131913239937276
7.01          0.11133104997687
7.02          8.70039833430201E-02
7.03          5.63642718270421E-02
7.04          1.70406307966914E-02
7.05          -0.027516144902911
7.06          -6.60499241715297E-02
7.07          -8.29079722333699E-02
7.08          -0.065577939664945
7.09          -1.26556233374868E-02
7.1           6.21706666052341E-02
7.11          0.133050249293447
7.12          0.171512356773019
7.13          0.158787280619144
7.14          0.095066005513072
7.15          7.25789639982395E-04
7.16          -9.18003538437188E-02
7.17          -0.152070428682491
7.18          -0.164795623607934
7.19          -0.13544201631099
7.2           -8.54164003394544E-02
7.21          -0.039603191614151
7.22          -1.31910798267927E-02
7.23          -4.93782286997885E-03
7.24          -2.89182425308354E-05
7.25          1.99960180115886E-02
7.26          6.65680148871616E-02
7.27          0.138665970023721
7.28          0.22478087509051
7.29          0.309813551902771
7.3           0.382103190645576
7.31          0.436716952286661
7.32          0.474190295599401
7.33          0.496757916770876
7.34          0.505133870467544
7.35          0.497843963988125
7.36          0.473105819821358
7.37          0.431691160798073
7.38          0.378822719939053
7.39          0.32395032864064
7.4           0.278506499491632
7.41          0.252598948739469
7.42          0.251887835953385
7.43          0.275638860482723
7.44          0.316569132506847
7.45          0.362741670906544
7.46          0.401219383142889
7.47          0.422456141486764
7.48          0.423701854236424
7.49          0.409739507250488
7.5           0.390266269147396
7.51          0.374859440624714
7.52          0.367795784845948
7.53          0.365231415331364
7.54          0.356283275038004
7.55          0.327800975963473
7.56          0.270959077980369
7.57          0.18680916627869
7.58          8.81042009219527E-02
7.59          -3.90184786141617E-03
7.6           -6.67686748830602E-02
7.61          -0.085359371714294
7.62          -5.77737248875201E-02
7.63          3.92875704477774E-03
7.64          7.84227466955781E-02
7.65          0.142923382557929
7.66          0.180588806904852
7.67          0.184584867171943
7.68          0.157839300781488
7.69          0.109609584007412
7.7           5.12650521006435E-02
7.71          -6.48261841619387E-03
7.72          -5.41229564091191E-02
7.73          -8.27522352989763E-02
7.74          -0.084491124143824
7.75          -5.53331153467298E-02
7.76          4.82466846915486E-04
7.77          6.78384047141299E-02
7.78          0.123459180230275
7.79          0.144959072414786
7.8           0.122767564253882
7.81          6.81857064832002E-02
7.82          1.13976234407164E-02
7.83          -0.011788135219831
7.84          2.11299187503755E-02
7.85          0.104872115068138
7.86          0.205420780610293
7.87          0.274845283683389
7.88          0.275164121389389
7.89          0.198620340898633
7.9           7.28993206098676E-02
7.91          -5.21954811550677E-02
7.92          -0.129689772231504
7.93          -0.138463281774893
7.94          -9.19621389918029E-02
7.95          -2.84688778873533E-02
7.96          1.07995286537334E-02
7.97          3.1207377940882E-03
7.98          -4.62714477069676E-02
7.99          -0.110614830013365
8             -0.158651058766991
8.01          -0.171597433760762
8.02          -0.150629830062389
8.03          -0.112026850366965
8.04          -7.46793912118301E-02
8.05          -4.86527948034927E-02
8.059999      -3.18372030090541E-02
8.07          -1.58818611188326E-02
8.08          3.55684101028601E-03
8.09          1.99250291590579E-02
8.099999      1.76357894134708E-02
8.11          -1.76765920151956E-02
8.12          -8.65900644287467E-02
8.13          -0.169274481162429
8.139999      -0.230244221035391
8.15          -0.233540077228099
8.16          -0.161108296327293
8.17          -2.46431794459932E-02
8.179999      0.135993902105838
8.19          0.26793900936842
8.2           0.327290258221328
8.21          0.297615072336048
8.22          0.196420654915273
8.23          6.68128579063341E-02
8.24          -4.14736062660813E-02
8.25          -9.27399922627956E-02
8.26          -7.83774855919182E-02
8.27          -1.70477970619686E-02
8.28          5.69100180454552E-02
8.29          0.110270684827119
8.3           0.124519700696692
8.309999      0.100455840993673
8.32          5.33193982299417E-02
8.33          2.84437919617631E-03
8.34          -3.56231084070168E-02
8.349999      -5.48269109241664E-02
8.36          -5.40658455574885E-02
8.37          -3.56194607494399E-02
8.38          -2.78213775542099E-03
8.389999      3.91545228799805E-02
8.4           8.07381161861122E-02
8.41          0.108303526164964
8.42          0.108067380879074
8.429999      7.31911971699446E-02
8.44          9.74563084426336E-03
8.45          -6.28220966784283E-02
8.46          -0.118361349217594
8.47          -0.135205916706473
8.48          -0.106244127675891
8.49          -4.25161556806415E-02
8.5           0.03153009171132
8.51          8.85108382254839E-02
8.52          0.108948766412213
8.53          8.76026194542646E-02
8.54          3.33849495719187E-02
8.55          -3.56691712187603E-02
8.559999      -9.91984977666289E-02
8.57          -0.140323856659234
8.58          -0.14935021259822
8.59          -0.125562259247527
8.599999      -0.077502175681293
8.61          -2.14984714938328E-02
8.62          2.21639417367987E-02
8.63          3.53974766889587E-02
8.639999      9.24492474587169E-03
8.65          -5.12665367452428E-02
8.66          -0.127128043100238
8.67          -0.191164519675076
8.679999      -0.217844469342381
8.69          -0.193134830351919
8.7           -0.12023107864894
8.71          -1.87909114337526E-02
8.72          8.18612932227552E-02
8.73          0.152730003744364
8.74          0.174572241269052
8.75          0.143591701034457
8.76          7.17872304422781E-02
8.77          -1.78807112330105E-02
8.78          -9.98167311865836E-02
8.79          -0.154801416434348
8.8           -0.176453107818961
8.809999      -0.172506730612367
8.82          -0.160152843017131
8.83          -0.157334485072643
8.84          -0.174108520522714
8.849999      -0.208432608302683
8.86          -0.248510886188596
8.87          -0.280113259535283
8.88          -0.294311121404171
8.889999      -0.290863493420184
8.9           -0.27545703034848
8.91          -0.253278230745345
8.92          -0.224057866875082
8.929999      -0.18275909235701
8.94          -0.1259059293475
8.95          -5.90346084209159E-02
8.96          8.03051972470712E-04
8.97          3.07660639076494E-02
8.98          1.39476855495013E-02
8.99          -4.96185812400654E-02
9             -0.139780093012378
9.01          -0.223765232004225
9.02          -0.2709795980528
9.03          -0.267293622940779
9.04          -0.221164719387889
9.05          -0.158467109017074
9.059999      -0.109035177296028
9.07          -9.21795000974089E-02
9.08          -0.108526149764657
9.09          -0.141812914079055
9.099999      -0.168998949397355
9.11          -0.173091707993299
9.12          -0.152219925541431
9.13          -0.12075349082239
9.139999      -0.102274233698845
9.15          -0.117967612333596
9.16          -0.17595207452774
9.17          -0.266421492453665
9.179999      -0.364711232408881
9.19          -0.440697736702859
9.2           -0.47013484954834
9.21          -0.442897166870534
9.22          -0.365020075030625
9.23          -0.254686477817595
9.24          -0.135078831128776
9.25          -2.76776102813892E-02
9.26          5.18536291737109E-02
9.27          0.095249918717891
9.28          0.102004201970994
9.29          0.079433501875028
9.3           4.21015104325488E-02
9.309999      9.44782998121809E-03
9.32          1.00020877813222E-03
9.33          3.00682535371743E-02
9.34          9.82622945867479E-02
9.349999      0.193452041801065
9.36          0.292618242837489
9.37          0.368965739607811
9.38          0.400731469541788
9.389999      0.378323733173311
9.4           0.307196667082608
9.41          0.20570382239297
9.42          9.91811297088862E-02
9.429999      1.25716609752271E-02
9.44          -3.61850943532772E-02
9.45          -0.040616687675938
9.46          -7.37580344779417E-03
9.469999      4.52741502597928E-02
9.48          9.23329803720117E-02
9.49          0.109765266124159
9.5           8.31105143018067E-02
9.51          0.013773186133476
9.52          -8.03191449120641E-02
9.53          -0.171121506951749
9.54          -0.23205291101709
9.55          -0.249801549408585
9.559999      -0.23051394212991
9.57          -0.196812327001244
9.58          -0.176646979562938
9.59          -0.189467712510377
9.599999      -0.236893163044006
9.61          -0.302777103949338
9.62          -0.362400814779103
9.63          -0.395424719341099
9.639999      -0.395275286436081
9.65          -0.370053394809365
9.66          -0.335290309041739
9.67          -0.303760806620121
9.679999      -0.278956716824323
9.69          -0.255984961688519
9.7           -0.228500398602337
9.71          -0.196232374571264
9.719999      -0.16733960095793
9.73          -0.153483198210597
9.74          -0.160717081055045
9.75          -0.182578376848251
9.76          -0.200815422199666
9.77          -0.194423209503293
9.78          -0.152027753144503
9.79          -7.99387469887733E-02
9.8           -4.21484498983773E-04
9.809999      5.93104599555954E-02
9.82          8.09809766337276E-02
9.83          6.37348927231506E-02
9.84          2.23914760840125E-02
9.849999      -2.28423923416995E-02
9.86          -5.83159216633067E-02
9.87          -8.31040732283145E-02
9.88          -0.106253373585641
9.889999      -0.137964961957186
9.9           -0.181229588650167
9.91          -0.229451082777232
9.92          -0.270964742470533
9.929999      -0.296483033113182
9.94          -0.30380456937477
9.95          -0.29664593288675
9.96          -0.279222308322787
9.969999      -0.251574918553233
9.98          -0.21007308119908
9.99          -0.153287608847022
10            -8.87251295428723E-02
10.01         -3.43659090762958E-02
10.02         -1.20294242282398E-02
10.03         -3.53640881739557E-02
10.04         -9.96739220805466E-02
10.05         -0.180584823489189
10.06         -0.24356616999954
10.07         -0.25974092066288
10.08         -0.219472206272185
10.09         -0.136459038974717
10.1          -4.05715270712972E-02
10.11         3.61032972880639E-02
10.12         7.23420992307365E-02
10.13         6.37807339802384E-02
10.14         2.03403207985684E-02
10.15         -4.16025145305321E-02
10.16         -0.106945391558111
10.17         -0.165623370073736
10.18         -0.211990163940936
10.19         -0.242310224622488
10.2          -0.253432542420924
10.21         -0.244030073471367
10.22         -0.217297992222011
10.23         -0.182592428438365
10.24         -0.153959728013724
10.25         -0.145436378801242
10.26         -0.165125077664852
10.27         -0.21102957604453
10.28         -0.270979853868485
10.29         -0.327002429030836
10.3          -0.362244255580008
10.31         -0.367255136668682
10.32         -0.342784831523895
10.33         -0.298182983156294
10.34         -0.246826979443431
10.35         -0.201340173259378
10.36         -0.170839598067105
10.37         -0.160538083165884
10.38         -0.172254112623632
10.39         -0.204175305403769
10.4          -0.249709784667939
10.41         -0.297118753362447
10.42         -0.331975595578551
10.43         -0.342659701108933
10.44         -0.326226686239243
10.45         -0.290526072531939
10.46         -0.249967062156647
10.47         -0.216369892917573
10.48         -0.190181346908212
10.49         -0.158070704340935
10.5          -9.95147499069571E-02
10.51         6.24659504246665E-04
10.52         0.140704144947231
10.53         0.299044533837587
10.54         0.441117457151413
10.55         0.533313978128135
10.56         2.89378322571516
10.57         0.507707266621292
10.58         0.404253284074366
10.59         0.267898151949048
10.6          0.121202712301165
10.61         -1.60026449512225E-02
10.62         -0.125686147129163
10.63         -0.191051449142396
10.64         -0.199777066335082
10.65         -0.150540632614866
10.66         -5.82898056227714E-02
10.67         4.69846070185304E-02
10.68         0.129701676797122
10.69         0.16266952117905
10.7          0.138427604623139
10.71         7.18029676750302E-02
10.72         -7.59021810488775E-03
10.73         -6.86603359412402E-02
10.74         -0.091037191702053
10.75         -7.07844375260174E-02
10.76         -1.85438208910637E-02
10.77         4.69867951562628E-02
10.78         0.106073352433741
10.79         0.142922615110874
10.8          0.148635920388624
10.81         0.123320747399703
10.82         7.74982744920999E-02
10.83         3.11170475953259E-02
10.84         8.19997020706069E-03
10.85         2.74747872725129E-02
10.86         9.28473891690373E-02
10.87         0.189282611589879
10.88         0.287576627321541
10.89         0.356461505480111
10.9          0.375801317431033
10.91         0.343693342655897
10.92         0.273955209553242
10.93         0.186387984026223
10.94         9.64393154717982E-02
10.95         1.06640833849087E-02
10.96         -7.00273098936304E-02
10.97         -0.142925949851051
10.98         -0.198431749921292
10.99         -0.222154159639031
11            -0.203778115008026
11.01         -0.146926587391645
11.02         -7.25783998332918E-02
11.03         -1.20570728788152E-02
11.04         7.76643057237379E-03
11.05         -2.11602032161318E-02
11.06         -8.30218833032996E-02
11.07         -0.146270666839555
11.08         -0.180982982330024
11.09         -0.175702617689967
11.1          -0.143950537350029
11.11         -0.116386397313327
11.12         -0.122818042170256
11.13         -0.17407981434837
11.14         -0.253844588398933
11.15         -0.324853833094239
11.16         -0.346183342896402
11.17         -0.292469120565802
11.18         -0.16548214154318
11.19         7.04506117617711E-03
11.2          0.183784657437354
11.21         0.326676300577819
11.22         0.41438077121973
11.23         0.447088414505124
11.24         0.442017562910914
11.25         0.422971902452409
11.26         0.409172948598862
11.27         0.408014322817326
11.28         0.414102736115456
11.29         0.414097363986075
11.3          0.394613637439907
11.31         0.349426464512944
11.32         0.282823334354907
11.33         0.207845620941371
11.34         0.140561472885311
11.35         9.33201182819903E-02
11.36         7.02917730621994E-02
11.37         6.72438707901165E-02
11.38         7.51691914536059E-02
11.39         8.53076055832207E-02
11.4          9.25446130335331E-02
11.41         9.54374590236694E-02
11.42         9.34201148059219E-02
11.43         8.35755598079413E-02
11.44         5.95834381319583E-02
11.45         1.39774937869515E-02
11.46         -5.72807543585077E-02
11.47         -0.150329593811184
11.48         -0.251468078959733
11.49         -0.339010636545718
11.5          -0.388678823187947
11.51         -0.381067758388817
11.52         -0.309003200903535
11.53         -0.182265057452023
11.54         -2.73479415220208E-02
11.55         0.118932348098606
11.56         0.220896094646305
11.57         0.256693644225597
11.58         0.226749632600695
11.59         0.153417636305094
11.6          0.071089959111996
11.61         1.09772406122647E-02
11.62         -1.19335093349218E-02
11.63         -2.97831926378422E-03
11.64         1.89748874504585E-02
11.65         3.48844314808957E-02
11.66         3.72989980713464E-02
11.67         3.35150112910196E-02
11.68         3.86820678552613E-02
11.69         6.38267670990899E-02
11.7          0.106871342053637
11.71         0.152543970923871
11.72         0.181197447236627
11.73         0.180934834163636
11.74         0.155599926821888
11.75         0.124009503722191
11.76         0.111089496016502
11.77         0.135940573671833
11.78         0.202894893083721
11.79         0.299295032210648
11.8          0.399974218569696
11.81         0.475559713505209
11.82         0.501083906181157
11.83         0.462472840882838
11.84         0.36004117090255
11.85         0.208926003668457
11.86         0.036454342645593
11.87         -0.123503070892766
11.88         -0.238501348346472
11.89         -0.285958848930895
11.9          -0.259439295697957
11.91         -0.170463384557515
11.92         -4.49989428324625E-02
11.93         8.43283248692751E-02
11.94         0.187748229112476
11.95         0.246425695996732
11.96         0.256380379647017
11.97         0.226931005921215
11.98         0.174523764196783
11.99         0.114964043833315
12            0.058058402063325
12.01         7.42581941129174E-03
12.02         -3.49061072920449E-02
12.03         -6.32990513183177E-02
12.04         -6.70574816549197E-02
12.05         -3.53751065209508E-02
12.06         3.38712825975381E-02
12.07         0.12757664331235
12.08         0.218801548909396
12.09         0.277141119819134
12.1          0.283081817831844
12.11         0.238065822143108
12.12         0.163943245746195
12.13         9.16531867347658E-02
12.14         4.55271474039182E-02
12.15         3.22002625674941E-02
12.16         4.01302084699273E-02
12.17         4.90843832725659E-02
12.18         4.30791603215039E-02
12.19         1.88407303963322E-02
12.2          -0.014523761915043
12.21         -0.043089178246446
12.22         -5.72610017331317E-02
12.23         -5.68688819697127E-02
12.24         -4.99773170566186E-02
12.25         -4.72369372146204E-02
12.26         -5.56569734355435E-02
12.27         -7.50588435307145E-02
12.28         -9.83223016373813E-02
12.29         -0.11461131054908
12.3          -0.11395961095579
12.31         -9.16693122591823E-02
12.32         -5.12445137556642E-02
12.33         -4.74118968704715E-03
12.34         3.02019080962054E-02
12.35         3.63071481278166E-02
12.36         3.64311399345752E-03
12.37         -6.54877554997802E-02
12.38         -0.156544233877212
12.39         -0.248201714660972
12.4          -0.320851048529148
12.41         -0.363817339316011
12.42         -0.377631971016526
12.43         -0.370591631010175
12.44         -0.352184011414647
12.45         -0.327496189847589
12.46         -0.295605786312372
12.47         -0.2521954725869
12.48         -0.194145357124507
12.49         -0.123163091847673
12.5          -4.65676000434905E-02
12.51         2.49096046295017E-02
12.52         0.081095563787967
12.53         0.116348637090996
12.54         0.131834220299497
12.55         0.134945487203076
12.56         0.135755061618984
12.57         0.141843986548483
12.58         0.154090011287481
12.59         0.166033716704696
12.6          0.167723982296884
12.61         0.152191456910223
12.62         0.120644056526944
12.63         8.27741258125752E-02
12.64         5.14463477628306E-02
12.65         3.47560005867854E-02
12.66         3.05408981395885E-02
12.67         2.72645227680914E-02
12.68         1.13127543032169E-02
12.69         -2.33902513235807E-02
12.7          -6.93023328110576E-02
12.71         -0.10673349394463
12.72         -0.112616130933166
12.73         -7.21501278318465E-02
12.74         1.27404684922658E-02
12.75         0.122579210819677
12.76         0.227740607745945
12.77         0.300716599971056
12.78         0.327671715952456
12.79         0.314073760136962
12.8          0.281820116601884
12.81         0.259043037202209
12.82         0.267082721181214
12.83         0.310567842721939
12.84         0.37526213105768
12.85         0.434717935435474
12.86         0.462454714514315
12.87         0.443611331172287
12.88         0.380432531498373
12.89         0.289419048428536
12.9          0.192475355789065
12.91         0.10730149612762
12.92         4.19778235489503E-02
12.93         -4.40570683102124E-03
12.94         -0.036958802039735
12.95         -5.99328595167026E-02
12.96         -7.45873934961855E-02
12.97         -8.06052838917822E-02
12.98         -7.91577691119164E-02
12.99         -7.48456988157705E-02
13            -7.48212684178725E-02
13.01         -8.54738857783377E-02
13.02         -0.108739920314401
13.03         -0.140371675919741
13.04         -0.171389948967844
13.05         -0.192144805379212
13.06         -0.1970023432374
13.07         -0.187333588432521
13.08         -0.171345162950456
13.09         -0.16081306675449
13.1          -0.166258962415159
13.11         -0.192786117028445
13.12         -0.238393412400037
13.13         -0.295240938328207
13.14         -0.352815949246287
13.15         -0.401101817563176
13.16         -0.432257280908525
13.17         -0.440683739930391
13.18         -0.422635431736708
13.19         -0.376689655669034
13.2          -0.305268127452582
13.21         -0.215896304994822
13.22         -0.12040857818909
13.23         -3.14485184848309E-02
13.24         4.23190268548206E-02
13.25         9.94567893818021E-02
13.26         0.145110972113907
13.27         0.186408778186888
13.28         0.226476750355214
13.29         0.260851142462343
13.3          0.278855358995497
13.31         0.269523275904357
13.32         0.228698838483542
13.33         0.162943152599037
13.34         8.76573457382619E-02
13.35         2.03488974762149E-02
13.36         -2.69947148789652E-02
13.37         -5.19674625853077E-02
13.38         -6.01896208059043E-02
13.39         -5.97418017452583E-02
13.4          -5.55379734607413E-02
13.41         -4.71088101016358E-02
13.42         -3.05423713638447E-02
13.43         -2.53225665190257E-03
13.44         3.64073525019921E-02
13.45         8.12212149705738E-02
13.46         0.123702844670042
13.47         0.154547501094639
13.48         0.165123232137412
13.49         0.149197837812826
13.5          0.105296686878428
13.51         3.94614286115393E-02
13.52         -3.32821390754543E-02
13.53         -0.090944906193763
13.54         -0.110889950646088
13.55         -7.85667252447456E-02
13.56         5.39764985034708E-03
13.57         0.123732510153204
13.58         0.248027924448252
13.59         0.348856434077024
13.6          0.405695317089558
13.61         0.412173885852098
13.62         0.375025684274733
13.63         0.308613155074418
13.64         0.228834256343544
13.65         0.149594324715436
13.66         8.25210875552148E-02
13.67         3.80260399519466E-02
13.68         2.49872766667977E-02
13.69         4.77489934209734E-02
13.7          0.101786301825196
13.71         0.171397751346231
13.72         0.232493681441993
13.73         0.260877052936703
13.74         0.242835085317493
13.75         0.182699322849512
13.76         0.102822017306462
13.77         3.49843914597295E-02
13.78         6.70116780849639E-03
13.79         0.028747481724713
13.8          8.99396967329085E-02
13.81         0.161791543476284
13.82         0.210876506902277
13.83         0.212936517521739
13.84         0.161998534910381
13.85         7.05026565492153E-02
13.86         -3.86744893155992E-02
13.87         -0.143111745128408
13.88         -0.228390160314739
13.89         -0.288862631041557
13.9          -0.323088924139738
13.91         -0.328905843906105
13.92         -0.302713460661471
13.93         -0.243661351706833
13.94         -0.15897091973573
13.95         -6.51665423624218E-02
13.96         1.73317707446404E-02
13.97         7.38217280153185E-02
13.98         0.103183165099472
13.99         0.118536162693053
14            0.139575166376308
14.01         0.180777544062585
14.02         0.242467788811773
14.03         0.310162119045854
14.04         0.362686999440193
14.05         0.384302913174033
14.06         0.373715542517602
14.07         0.344811001382768
14.08         0.318893071822822
14.09         0.313097348213196
14.1          0.331549881733954
14.11         0.363821432366967
14.12         0.390839077010751
14.13         0.394432300664485
14.14         0.365376864820719
14.15         0.306381492130458
14.16         0.22962255237624
14.17         0.15105018091388
14.18         8.46979054436088E-02
14.19         3.93860908923671E-02
14.2          1.84569874545559E-02
14.21         2.14304542145692E-02
14.22         4.56506606983021E-02
14.23         8.64537877589464E-02
14.24         0.135900730378926
14.25         0.181729141864926
14.26         0.208688186444342
14.27         0.203199606109411
14.28         0.159891965836287
14.29         8.64961161185056E-02
14.3          3.49205825768877E-03
14.31         -6.27992103109136E-02
14.32         -9.13583134766668E-02
14.33         -7.66796643007547E-02
14.34         -0.032638134509325
14.35         1.25941030913964E-02
14.36         2.86997081455775E-02
14.37         -3.22641679522349E-03
14.38         -8.22392060793936E-02
14.39         -0.18811897912994
14.4          -0.290189181547612
14.41         -0.35953743327409
14.42         -0.378648765273392
14.43         -0.344674432352185
14.44         -0.266507757157087
14.45         -0.159028807170689
14.46         -3.84039322519675E-02
14.47         7.96908615902066E-02
14.48         0.179943493567407
14.49         0.247983558699489
14.5          0.273453025091439
14.51         0.254803148042411
14.52         0.202690240535885
14.53         0.138578828237951
14.54         8.75284146331251E-02
14.55         6.77937009232119E-02
14.56         8.24414192419499E-02
14.57         0.117799614518881
14.58         0.15014476697892
14.59         0.157478344850242
14.6          0.130250565893948
14.61         7.53079120768234E-02
14.62         1.10767551977187E-02
14.63         -4.30528341466561E-02
14.64         -7.68569811154157E-02
14.65         -9.29818842653185E-02
14.66         -0.102193304579705
14.67         -0.113365689162165
14.68         -0.124773268857971
14.69         -0.122600562293082
14.7          -8.82313778623939E-02
14.71         -1.03811592317652E-02
14.72         0.105082349879667
14.73         0.23378721345216
14.74         0.341426961869001
14.75         0.398104132823646
14.76         0.391040221229196
14.77         0.329203942269087
14.78         0.237940198369324
14.79         0.147058761874214
14.8          7.89555011317134E-02
14.81         4.25025380635634E-02
14.82         3.44459748174995E-02
14.83         4.55958430515602E-02
14.84         6.69031928200275E-02
14.85         9.17098133638501E-02
14.86         0.113901659566909
14.87         0.124878299469128
14.88         0.113067517708987
14.89         6.76740933861583E-02
14.9          -1.49900076992344E-02
14.91         -0.126571735348552
14.92         -0.246734538618475
14.93         -0.348975278735161
14.94         -0.409579037725925
14.95         -0.415471423119307
14.96         -0.367720611579716
14.97         -0.280115781147033
14.98         -0.174571693092585
14.99         -7.56362103950232E-02
15            -5.36128519393969E-03
15.01         2.13564161304384E-02
15.02         8.7858754908666E-04
15.03         -5.67907485505566E-02
15.04         -0.129285309361294
15.05         -0.187984730713069
15.06         -0.207708430644125
15.07         -0.176223184335977
15.08         -9.90971856191754E-02
15.09         2.6328667337657E-03
15.1          0.10093757847324
15.11         0.171303227450699
15.12         0.20045430181548
15.13         0.18841190636158
15.14         0.145238870820031
15.15         0.085362870907411
15.16         2.27873485721648E-02
15.17         -0.031031020435039
15.18         -6.71198504325003E-02
15.19         -7.85838648956269E-02
15.2          -6.14381932094693E-02
15.21         -1.67588258371688E-02
15.22         0.047326596044004
15.23         0.115746666239575
15.24         0.16968163009733
15.25         0.192094848230481
15.26         0.173423775024712
15.27         0.114960562912747
15.28         2.84518136107363E-02
15.29         -6.78895815555006E-02
15.3          -0.155216130204499
15.31         -0.219319648761302
15.32         -0.253423314783722
15.33         -0.257928356900811
15.34         -0.238101015072316
15.35         -0.201527832336724
15.36         -0.156800469830632
15.37         -0.113534043291584
15.38         -8.24091773293913E-02
15.39         -7.35870765103027E-02
15.4          -9.29935969691724E-02
15.41         -0.137959489328787
15.42         -0.195072451438755
15.43         -0.242660016026348
15.44         -0.257963787373155
15.45         -0.226217243615538
15.46         -0.147279686126858
15.47         -3.64130695257336E-02
15.48         8.12572393007577E-02
15.49         0.179836379885674
15.5          0.240975579377264
15.51         0.25797144357115
15.52         0.234817182216793
15.53         0.181960253063589
15.54         0.1116641128622
15.55         3.51990527962334E-02
15.56         -3.76243796339259E-02
15.57         -0.097618927275762
15.58         -0.135740343080834
15.59         -0.144174759797752
15.6          -0.11907789808698
15.61         -6.38089970452711E-02
15.62         9.3184392072726E-03
15.63         0.080653002653271
15.64         0.128831912605092
15.65         0.138980148229748
15.66         0.11007381638512
15.67         5.74711634544656E-02
15.68         8.21246006526053E-03
15.69         -9.91899507818744E-03
15.7          0.018958743653493
15.71         0.090589952794835
15.72         0.181230867728591
15.73         0.257349738366902
15.74         0.289822177402675
15.75         0.26567454719916
15.76         0.191866295188665
15.77         9.00589342508465E-02
15.78         -1.39117959793657E-02
15.79         -9.99113098997623E-02
15.8          -0.158194409497082
15.81         -0.188189675621688
15.82         -0.194167941994965
15.83         -0.181604577898979
15.84         -0.156325091198087
15.85         -0.125677065672353
15.86         -0.099225751273334
15.87         -8.69778444617987E-02
15.88         -9.53621121682227E-02
15.89         -0.12333029480651
15.9          -0.161369045600295
15.91         -0.194584428202361
15.92         -0.208498060572892
15.93         -0.194556398112327
15.94         -0.15266975001432
15.95         -9.00264182500541E-02
15.96         -1.75046873011161E-02
15.97         5.41033591004089E-02
15.98         0.1164785457775
15.99         0.164535678327084
16            0.19624034140259
16.01         0.212122987098992
16.02         0.214585998784751
16.03         0.206773625314236
16.04         0.191148311924189
16.05         0.168499597180635
16.06         0.138241736255586
16.07         0.100118347015232
16.08         5.63013091916218E-02
16.09         1.22604177973699E-02
16.1          -2.46592410164885E-02
16.11         -4.85114931827411E-02
16.12         -5.80302075203508E-02
16.13         -5.78226313646883E-02
16.14         -0.056575214699842
16.15         -6.32019875384867E-02
16.16         -8.30688620265573E-02
16.17         -0.1161719049979
16.18         -0.157734690438956
16.19         -0.2002259863168
16.2          -0.235361283905804
16.21         -0.255434153974056
16.22         -0.254440346583724
16.23         -0.22984061697498
16.24         -0.184943374581635
16.25         -0.130514987949282
16.26         -8.36105151940137E-02
16.27         -6.26836638478562E-02
16.28         -8.03196108620614E-02
16.29         -0.136936820447445
16.3          -0.218926770687103
16.31         -0.302608959954232
16.32         -0.362338797748089
16.33         -0.37904469486326
16.34         -0.345674890950322
16.35         -0.268063591606915
16.36         -0.162053480464965
16.37         -0.04879501005169
16.38         5.02280027233064E-02
16.39         0.117848658040166
16.4          0.145278604477644
16.41         0.134785830806941
16.42         9.96136135328561E-02
16.43         6.01714167790487E-02
16.44         3.71183830616064E-02
16.45         4.38369092205539E-02
16.46         0.08154078357853
16.47         0.139198295054957
16.48         0.198114666379988
16.49         0.238830765858293
16.5          0.247247503884137
16.51         0.217831203471869
16.52         0.153614632654935
16.53         6.41588478349149E-02
16.54         -3.70654360670596E-02
16.55         -0.135135448621586
16.56         -0.216085827872157
16.57         -0.269544910602272
16.58         -0.2912687054649
16.59         -0.284515207931399
16.6          -0.25921582242474
16.61         -0.228842076994479
16.62         -0.206116215549409
16.63         -0.199376659970731
16.64         -0.21093602059409
16.65         -0.2375544831343
16.66         -0.27212267389521
16.67         -0.305492185447365
16.68         -0.327989914119244
16.69         -0.33092843234539
16.7          -0.308542330674827
16.71         -0.260210104901344
16.72         -0.192043063826859
16.73         -0.116654455605894
16.74         -5.05197513755411E-02
16.75         -9.50712326040957E-03
16.76         -4.16783536027651E-03
16.77         -3.66293023014441E-02
16.78         -0.10025734629482
16.79         -0.182068517915905
16.8          -0.26677455464378
16.81         -0.340866506248713
16.82         -0.395381998121738
16.83         -0.426815752387047
16.84         -0.43646643564105
16.85         -0.429077053405345
16.86         -0.411503137126565
16.87         -0.391576812900603
16.88         -0.376747214198113
16.89         -0.372045139186084
16.9          -0.37764351926744
16.91         -0.387215667106211
16.92         -0.388714052662253
16.93         -0.368380506411195
16.94         -0.316991630382836
16.95         -0.235651123076677
16.96         -0.137940303152427
16.97         -4.66535860905424E-02
16.98         1.40344196290243E-02
16.99         2.76012881286442E-02
17            -8.78665321622975E-03
17.01         -8.39690134674311E-02
17.02         -0.177994945496321
17.03         -0.269801840912551
17.04         -0.343393745943904
17.05         -0.38994014069438
17.06         -0.406041837707162
17.07         -0.390754365473986
17.08         -0.344361131228507
17.09         -0.270076404232532
17.1          -0.177180154267699
17.11         -8.23823532275856E-02
17.12         -6.82446297432762E-03
17.13         3.12070787278935E-02
17.14         2.46594305941835E-02
17.15         -1.75038444797974E-02
17.16         -0.072471263310872
17.17         -0.112475953074172
17.18         -0.116398311015218
17.19         -7.83893992938101E-02
17.2          -9.35687894001603E-03
17.21         6.90225663827732E-02
17.22         0.13425367936492
17.23         0.171773398406804
17.24         0.178618276957422
17.25         0.161267651226372
17.26         0.1299502017349
17.27         9.29949125926942E-02
17.28         5.40120648778975E-02
17.29         1.26851289358456E-02
17.3          -0.031989717122633
17.31         -7.81732259038836E-02
17.32         -0.119381222398952
17.33         -0.145496221398935
17.34         -0.146390178445727
17.35         -0.116731017585844
17.36         -5.97787122940645E-02
17.37         1.19267176568974E-02
17.38         7.99346265289932E-02
17.39         0.12638998744078
17.4          0.141043265182525
17.41         0.12554049664177
17.42         9.27994145918637E-02
17.43         0.061537490808405
17.44         4.83669527526945E-02
17.45         6.10859578521922E-02
17.46         9.61884242389351E-02
17.47         0.141484318831936
17.48         0.182164046801627
17.49         0.207034465949982
17.5          0.211873128265142
17.51         0.198754296954721
17.52         0.172640503942966
17.53         0.137986167250201
17.54         9.76362313795835E-02
17.55         5.43265034677461E-02
17.56         1.30063454993069E-02
17.57         -1.84334752522409E-02
17.58         -3.12446059752256E-02
17.59         -1.97592583112419E-02
17.6          1.52600439952221E-02
17.61         6.60721892723814E-02
17.62         0.120676426347345
17.63         0.167275062315166
17.64         0.198038871847093
17.65         0.210411945618689
17.66         0.205843187123537
17.67         0.187336530312896
17.68         0.157605686243624
17.69         0.118801946053281
17.7          7.34034465299919E-02
17.71         2.49611126608215E-02
17.72         -2.24001395562664E-02
17.73         -6.56770225614309E-02
17.74         -0.104650121871382
17.75         -0.142002409547567
17.76         -0.181294839922339
17.77         -0.223704603686929
17.78         -0.265473110619932
17.79         -0.297878909669817
17.8          -0.310233455076814
17.81         -0.294688778445125
17.82         -0.250482567306608
17.83         -0.185322676151991
17.84         -0.112932072440162
17.85         -4.77873749099672E-02
17.86         3.82170110715379E-04
17.87         2.95589884626679E-02
17.88         4.44970644358546E-02
17.89         5.27424607705325E-02
17.9          6.01525001227856E-02
17.91         6.85375078674406E-02
17.92         7.65228447178379E-02
17.93         8.26408915221691E-02
17.94         8.83282497804612E-02
17.95         9.86793655157089E-02
17.96         0.120279555721208
17.97         0.15726218059659
17.98         0.207854812033474
17.99         0.263477035649121
18            0.311110135428607
18.01         0.337926782034338
18.02         0.336014705970883
18.03         0.305053991451859
18.04         0.251910567004234
18.05         0.187622532248497
18.06         0.123362253494561
18.07         6.71850103419274E-02
18.08         2.27607642975636E-02
18.09         -9.7638531436678E-03
18.1          -0.031614472058136
18.11         -4.33418601891026E-02
18.12         -4.41400553751737E-02
18.13         -0.032997884452343
18.14         -1.10068923910148E-02
18.15         1.67394055437762E-02
18.16         4.12271552626044E-02
18.17         5.21341813215986E-02
18.18         4.19920030469075E-02
18.19         9.8167841497343E-03
18.2          -3.77765191602521E-02
18.21         -8.87076518498361E-02
18.22         -0.12986617541872
18.23         -0.151798487473279
18.24         -0.151640393380076
18.25         -0.133310916339979
18.26         -0.105317033361644
18.27         -7.74170164670795E-02
18.28         -5.75210246723145E-02
18.29         -4.97341414075345E-02
18.3          -5.37865450792015E-02
18.31         -6.56458861380816E-02
18.32         -7.89146345760673E-02
18.33         -8.65770086925477E-02
18.34         -8.26816027611494E-02
18.35         -6.36144583532587E-02
18.36         -2.88178264698945E-02
18.37         1.89695998316165E-02
18.38         0.073811002029106
18.39         0.127062782691792
18.4          0.1686036593467
18.41         0.189113754965365
18.42         0.183170334342867
18.43         0.152081611482427
18.44         0.104900300474837
18.45         5.65100228134543E-02
18.46         2.30287015344948E-02
18.47         0.016269783906173
18.48         3.96786024235189E-02
18.49         8.74825779441744E-02
18.5          0.147170525919646
18.51         0.203869185391814
18.52         0.24462731173262
18.53         0.261234939079732
18.54         0.251371837444603
18.55         0.218645921610296
18.56         0.172016350217164
18.57         0.12448970630765
18.58         9.05866089183837E-02
18.59         8.24386692233384E-02
18.6          0.105426476793364
18.61         0.155163560081273
18.62         0.217685808800161
18.63         0.273506070300937
18.64         0.304365445263684
18.65         0.300002399124205
18.66         0.262011485863477
18.67         0.203088143561035
18.68         0.142057117559016
18.69         9.69516777433455E-02
18.7          7.91058476641774E-02
18.71         9.04379343241453E-02
18.72         0.124422015650198
18.73         0.169616762548685
18.74         0.213864616826177
18.75         0.247583481241018
18.76         0.26546035638079
18.77         0.266698577385396
18.78         0.254339993745089
18.79         0.23406179504469
18.8          0.212657641880214
18.81         0.196339342072606
18.82         0.189204825349152
18.83         0.192363747060299
18.84         0.204124635625631
18.85         0.221209267862141
18.86         0.240379327833653
18.87         0.259617160689086
18.88         0.278258577547967
18.89         0.296194308567792
18.9          0.312894303649664
18.91         0.327070622183383
18.92         0.337139381356537
18.93         0.341875260584056
18.94         0.340385426580906
18.95         0.33123599588871
18.96         0.311587633676827
18.97         0.277700259815902
18.98         0.227416014187038
18.99         0.163587789852172
19            9.60723478719592E-02
19.01         4.00762130878866E-02
19.02         1.05210321675986E-02
19.03         1.47158155404031E-02
19.04         4.72352744126692E-02
19.05         9.03052573464811E-02
19.06         0.120300249382854
19.07         0.117651040423661
19.08         7.54525210289285E-02
19.09         2.58986286091385E-03
19.1          -8.00472128391266E-02
19.11         -0.148244723388925
19.12         -0.183808978199959
19.13         -0.180460277795792
19.14         -0.1443135946244
19.15         -8.97594928555191E-02
19.16         -0.033412776379846
19.17         1.11183480871841E-02
19.18         3.61481929407455E-02
19.19         4.05631810845807E-02
19.2          2.90735850529745E-02
19.21         1.07890242221765E-02
19.22         -2.75716146512423E-03
19.23         -3.28751705819741E-04
19.24         2.56646857364103E-02
19.25         7.60124924266711E-02
19.26         0.1430677174218
19.27         0.211808425169438
19.28         0.263853833880276
19.29         0.283416936378926
19.3          0.263092380221933
19.31         0.207111375108361
19.32         0.130503595015034
19.33         5.42101895576343E-02
19.34         -2.05018812514027E-03
19.35         -2.63410738273524E-02
19.36         -1.79111932707019E-02
19.37         1.37366341834422E-02
19.38         5.33907205564901E-02
19.39         8.61049099825323E-02
19.4          0.102055273745209
19.41         9.85843482613564E-02
19.42         7.92679160367697E-02
19.43         5.12054561823607E-02
19.44         2.22193486732431E-02
19.45         -9.04575182139524E-04
19.46         -1.30994772550184E-02
19.47         -1.14117332745809E-02
19.48         4.12693682766985E-03
19.49         0.029231738531962
19.5          0.0547590466775
19.51         6.81102591287345E-02
19.52         0.057172859525308
19.53         1.57459601783194E-02
19.54         -5.20084890257567E-02
19.55         -0.130786353573203
19.56         -0.198392573576421
19.57         -0.233960565123707
19.58         -0.226777534782887
19.59         -0.181547987814993
19.6          -0.117227592375129
19.61         -5.95403834385797E-02
19.62         -3.04165009106509E-02
19.63         -3.92085639433935E-02
19.64         -7.96930451598018E-02
19.65         -0.133955005416647
19.66         -0.180881624501199
19.67         -0.204956347234547
19.68         -0.201356472373009
19.69         -0.175674386601895
19.7          -0.139424244258553
19.71         -0.104279225673527
19.72         -7.78996858466417E-02
19.73         -6.26620017411187E-02
19.74         -5.67665968090296E-02
19.75         -0.056222339803353
19.76         -5.64393126172945E-02
19.77         -5.30990449944511E-02
19.78         -4.27504554390907E-02
19.79         -2.36407405603677E-02
19.8          3.24461682495894E-03
19.81         3.35405197693035E-02
19.82         5.99820720590651E-02
19.83         7.42789711430669E-02
19.84         6.99431830784306E-02
19.85         4.50840517971665E-02
19.86         4.05171873659128E-03
19.87         -4.28773308824748E-02
19.88         -8.19636286329478E-02
19.89         -0.100057197930291
19.9          -8.90124653745443E-02
19.91         -4.89125025412068E-02
19.92         1.12228122493252E-02
19.93         7.57498930580914E-02
19.94         0.127132684327662
19.95         0.151543960003182
19.96         0.143426617691293
19.97         0.107446086807176
19.98         0.057132892892696
19.99         1.05805721262004E-02
20            -1.54866772773676E-02
20.01         -1.14011660311371E-02
20.02         2.19139390066266E-02
20.03         7.28793943952769E-02
20.04         0.122889953786507
20.05         0.152569333221763
20.06         0.148542036032304
20.07         0.10827449108474
20.08         4.11224626936018E-02
20.09         -3.49012308055535E-02
20.1          -9.94640161748976E-02
20.11         -0.136945171002299
20.12         -0.141501147849485
20.13         -0.11836923382245
20.14         -8.11728383973241E-02
20.15         -4.65287708770484E-02
20.16         -2.81084381556138E-02
20.17         -3.22588671999983E-02
20.18         -5.65118272276595E-02
20.19         -9.12187568843365E-02
20.2          -0.123519717184827
20.21         -0.142154236156493
20.22         -0.141413192935288
20.23         -0.122892557624727
20.24         -0.094553908193484
20.25         -6.76269730506465E-02
20.26         -5.26562828617171E-02
20.27         -5.61531325243414E-02
20.28         -7.88382918667048E-02
20.29         -0.115699002295733
20.3          -0.157477851491421
20.31         -0.193022910989821
20.32         -0.212025119327009
20.33         -0.2077795108594
20.34         -0.179473761152476
20.35         -0.133270442644134
20.36         -8.13943108264357E-02
20.37         -3.88800828997046E-02
20.38         -1.86031484312844E-02
20.39         -2.62798539362848E-02
20.4          -5.76351869897917E-02
20.41         -9.93878470547497E-02
20.42         -0.134109097821638
20.43         -0.147098093535751
20.44         -0.132260665046051
20.45         -9.43253094702959E-02
20.46         -4.65228597074747E-02
20.47         -5.0482558744261E-03
20.48         1.69728419242892E-02
20.49         1.34642018994782E-02
20.5          -1.38250424852595E-02
20.51         -5.72045623976737E-02
20.52         -0.10610364831984
20.53         -0.149965065596625
20.54         -0.180423988513649
20.55         -0.192893267255276
20.56         -0.187714881710708
20.57         -0.170535999666899
20.58         -0.151213939497247
20.59         -0.140841910829768
20.6          -0.147505927691236
20.61         -0.1724658001028
20.62         -0.208739477489144
20.63         -0.243180966395885
20.64         -0.261418559923768
20.65         -0.253497135881335
20.66         -0.217667115982622
20.67         -0.160727441590279
20.68         -9.50657314248383E-02
20.69         -3.40190892457031E-02
20.7          1.23421223578043E-02
20.71         3.95125963166356E-02
20.72         4.85849168524146E-02
20.73         4.46304494747892E-02
20.74         3.44136209855787E-02
20.75         2.42526402580552E-02
20.76         1.84721171250567E-02
20.77         1.86213284754194E-02
20.78         2.35195090505295E-02
20.79         3.00888375635259E-02
20.8          3.47519532172009E-02
20.81         3.49353433703072E-02
20.82         3.01267736591399E-02
20.83         2.20876812539063E-02
20.84         1.41770825546701E-02
20.85         1.00861649180297E-02
20.86         1.24421622790396E-02
20.87         2.16899700905196E-02
20.88         3.55361150857061E-02
20.89         4.91456556972116E-02
20.9          5.62214398803189E-02
20.91         5.09029449988157E-02
20.92         3.00546770333312E-02
20.93         -4.89527295576409E-03
20.94         -4.75546328863129E-02
20.95         -8.81900636292994E-02
20.96         -0.117071937667206
20.97         -0.128260000096634
20.98         -0.122089899368584
20.99         -0.105049130385742
21            -8.69482155237347E-02
21.01         -7.66633834596723E-02
21.02         -7.84811823070049E-02
21.03         -9.07570643909276E-02
21.04         -0.107370694270357
21.05         -0.121013299059123
21.06         -0.126498435018584
21.07         -0.122473686849698
21.08         -0.110965927904472
21.09         -9.54641734901816E-02
21.1          -0.078968529459089
21.11         -6.32146184379235E-02
21.12         -4.93018083320931E-02
21.13         -3.88716181414202E-02
21.14         -3.45587872504257E-02
21.15         -0.038978316122666
21.16         -5.26669311895967E-02
21.17         -0.07235478494782
21.18         -9.10161417257041E-02
21.19         -0.100198919819668
21.2          -9.37613089755178E-02
21.21         -7.11678686924279E-02
21.22         -3.85354626271874E-02
21.23         -6.67502550117206E-03
21.24         1.31390841468237E-02
21.25         1.37666811060626E-02
21.26         -4.96624410676304E-03
21.27         -3.65042518288828E-02
21.28         -7.06843633437529E-02
21.29         -9.81586618255824E-02
21.3          -0.113950867541134
21.31         -0.11853066265583
21.32         -0.116177423307672
21.33         -0.111833791751415
21.34         -0.108344593718648
21.35         -0.105532512394711
21.36         -0.101329305376858
21.37         -0.09393381097354
21.38         -8.34398039057851E-02
21.39         -7.18745092721656E-02
21.4          -6.17078229412437E-02
21.41         -5.39216386014596E-02
21.42         -4.70119336154312E-02
21.43         -0.037667916265782
21.44         -2.27827530261129E-02
21.45         -1.59234842722071E-03
21.46         2.33242188999429E-02
21.47         4.67387727135792E-02
21.48         6.27342468313873E-02
21.49         6.68875652225688E-02
21.5          5.77058834815398E-02
21.51         3.69274554820731E-02
21.52         8.90934938506689E-03
21.53         -2.04249272681773E-02
21.54         -4.47342649614438E-02
21.55         -5.84248763043433E-02
21.56         -5.78477880964056E-02
21.57         -4.23954929038882E-02
21.58         -1.51197153877001E-02
21.59         1.76083109260071E-02
21.6          4.76405367068946E-02
21.61         6.75242950301617E-02
21.62         7.30607677157968E-02
21.63         6.48506648093462E-02
21.64         4.80192626919597E-02
21.65         3.01184847741388E-02
21.66         1.81208045314997E-02
21.67         1.59109533007722E-02
21.68         2.34210656932555E-02
21.69         0.037643485867884
21.7          5.47449448378757E-02
21.71         7.19875295553356E-02
21.72         8.84358659572899E-02
21.73         0.104279920030385
21.74         0.119469341766089
21.75         0.132716172281653
21.76         0.141604241570458
21.77         0.143775248788297
21.78         0.138453113101423
21.79         0.127325130812824
21.8          0.114153701970354
21.81         0.103217691080645
21.82         9.73351271823049E-02
21.83         9.64794054441154E-02
21.84         9.77076313644648E-02
21.85         9.64876189548522E-02
21.86         8.88433529343456E-02
21.87         0.073338811956346
21.88         5.19740955205634E-02
21.89         2.95355059532449E-02
21.9          1.16439590987284E-02
21.91         2.37517697067233E-03
21.92         2.58678679150762E-03
21.93         9.78591382037848E-03
21.94         1.96108555211686E-02
21.95         0.028135312506929
21.96         0.033724204567261
21.97         3.73947919090279E-02
21.98         4.14935416169465E-02
21.99         4.75035474076867E-02
22            5.43527839612216E-02
22.01         5.83229931397364E-02
22.02         0.054718700889498
22.03         0.040394128030166
22.04         1.57228271313943E-02
22.05         -1.50811740139034E-02
22.06         -4.54273838549852E-02
22.07         -6.87690210621804E-02
22.08         -8.07455622497946E-02
22.09         -8.01531388051808E-02
22.1          -6.86262302286923E-02
22.11         -4.95676419418305E-02
22.12         -2.70262281736359E-02
22.13         -4.91190782748163E-03
22.14         1.34848613000941E-02
22.15         2.58822638285346E-02
22.16         3.13874881714582E-02
22.17         3.07153827091679E-02
22.18         2.60174395772628E-02
22.19         2.02713213698007E-02
22.2          1.64527103933506E-02
22.21         1.68291934230365E-02
22.22         2.25886665796861E-02
22.23         3.37385096889921E-02
22.24         4.90668461937457E-02
22.25         6.60740347998217E-02
22.26         8.10849839821458E-02
22.27         8.99198984261602E-02
22.28         8.92869647406042E-02
22.29         7.85008618421853E-02
22.3          6.06173537671566E-02
22.31         4.20691360440105E-02
22.32         3.05456512863748E-02
22.33         3.18617498944514E-02
22.34         4.72674021217972E-02
22.35         7.25690260156989E-02
22.36         9.95749396830797E-02
22.37         0.119217609995976
22.38         0.124929298153147
22.39         0.114828662518412
22.4          9.19596356526017E-02
22.41         6.27576082851738E-02
22.42         3.46151717682369E-02
22.43         1.35782991209999E-02
22.44         2.89749806688633E-03
22.45         2.63831937656505E-03
22.46         1.01559489243664E-02
22.47         2.11008973745629E-02
22.48         0.030681206190493
22.49         3.49718633433804E-02
22.5          3.20170163107105E-02
22.51         0.022378009215463
22.52         8.82237205223646E-03
22.53         -4.85073361778632E-03
22.54         -0.015410248915432
22.55         -2.14730201172642E-02
22.56         -2.38120068772696E-02
22.57         -2.45329274539836E-02
22.58         -2.55736541817896E-02
22.59         -2.73548942268826E-02
22.6          -2.83185587637126E-02
22.61         -2.55940280738287E-02
22.62         -1.64338828157634E-02
22.63         3.2745963675552E-04
22.64         2.35096464422531E-02
22.65         4.98536164686084E-02
22.66         7.51435459312052E-02
22.67         9.56296862382442E-02
22.68         0.109130861498415
22.69         0.11540772872977
22.7          0.115765624009073
22.71         0.112179636284709
22.72         0.106406735088676
22.73         9.95019043050706E-02
22.74         0.091920194355771
22.75         8.40411626268178E-02
22.76         7.66867997311056E-02
22.77         7.11815731041133E-02
22.78         6.87903908081353E-02
22.79         6.98261108575389E-02
22.8          7.30337106389925E-02
22.81         7.57892795372754E-02
22.82         7.51743397442624E-02
22.83         6.94081948231906E-02
22.84         0.058821066278033
22.85         4.57738770637661E-02
22.86         3.35241270088591E-02
22.87         0.024653441766277
22.88         1.98960557486862E-02
22.89         1.79435014212504E-02
22.9          1.62244725530036E-02
22.91         1.21544587123208E-02
22.92         4.18824237131048E-03
22.93         -7.75075158337131E-03
22.94         -2.24615855701268E-02
22.95         -3.79495099489577E-02
22.96         -5.18452877551317E-02
22.97         -6.16459932038561E-02
22.98         -6.49457277450711E-02
22.99         -0.059904696950689
23            -4.59928050404415E-02
23.01         -2.46902266913094E-02
23.02         3.78487299894914E-04
23.03         2.42419348284602E-02
23.04         4.21917128702626E-02
23.05         5.15433384524658E-02
23.06         5.26574660092592E-02
23.07         4.86094249086455E-02
23.08         4.35816234396771E-02
23.09         4.07678290642798E-02
23.1          0.040900624813512
23.11         4.22070983564481E-02
23.12         4.18107804749161E-02
23.13         3.77613232517615E-02
23.14         0.030479529784061
23.15         2.27185250166804E-02
23.16         1.80020637984853E-02
23.17         1.84247341216542E-02
23.18         2.31285039125942E-02
23.19         0.028424886725843
23.2          2.95924934651703E-02
23.21         2.33919803635217E-02
23.22         9.9006448709406E-03
23.23         -7.35842796682846E-03
23.24         -2.30564324115403E-02
23.25         -3.25583953899331E-02
23.26         -3.39485252299346E-02
23.27         -0.028591077842284
23.28         -2.01013455516659E-02
23.29         -1.24560985236894E-02
23.3          -0.008332651181845
23.31         -8.4762277349364E-03
23.32         -0.01219549314701
23.33         -1.84354326990433E-02
23.34         -2.66487424378283E-02
23.35         -3.69545399677008E-02
23.36         -4.96011218195781E-02
23.37         -6.41829447587952E-02
23.38         -7.91703314892948E-02
23.39         -9.20764063764364E-02
23.4          -0.100219622617587
23.41         -0.101734544830397
23.42         -0.096383291836828
23.43         -0.085818286780268
23.44         -7.31648618588224E-02
23.45         -0.062048688204959
23.46         -5.54030306870118E-02
23.47         -5.44812628207728E-02
23.48         -5.84474657429382E-02
23.49         -6.47112635336816E-02
23.5          -6.98924858914688E-02
23.51         -7.10505497921258E-02
23.52         -0.066709133782424
23.53         -5.72946095187217E-02
23.54         -4.48568189470097E-02
23.55         -3.22414511768147E-02
23.56         -2.20847439416684E-02
23.57         -0.016026002978906
23.58         -1.43827423767652E-02
23.59         -1.63140468718484E-02
23.6          -2.03197276359424E-02
23.61         -2.48486565425992E-02
23.62         -2.88027242082171E-02
23.63         -3.17742517939769E-02
23.64         -3.39425364020281E-02
23.65         -3.56798492395319E-02
23.66         -0.037074819020927
23.67         -3.76732861110941E-02
23.68         -3.66640247125179E-02
23.69         -3.34708693809807E-02
23.7          -2.84031903580762E-02
23.71         -0.02288669642061
23.72         -1.89890612382442E-02
23.73         -1.83960781968199E-02
23.74         -0.02140572917182
23.75         -2.65896421624348E-02
23.76         -3.14264018484391E-02
23.77         -3.36227827845141E-02
23.78         -3.23729884042405E-02
23.79         -2.87926400452852E-02
23.8          -2.52334467298351E-02
23.81         -2.38648122595623E-02
23.82         -2.53695795033127E-02
23.83         -2.85433111153543E-02
23.84         -0.031033791010268
23.85         -3.07616625074297E-02
23.86         -2.71536472253501E-02
23.87         -2.14507892774418E-02
23.88         -1.59239542193245E-02
23.89         -1.24828095640987E-02
23.9          -1.15054052125197E-02
23.91         -1.15680469362997E-02
23.92         -1.02290836593602E-02
23.93         -5.43408474186435E-03
23.94         3.21820870914962E-03
23.95         1.40216094302014E-02
23.96         2.37630387302488E-02
23.97         2.90880363550968E-02
23.98         2.79796212539077E-02
23.99         2.06658097123727E-02
24            9.5589362148894E-03
24.01         -1.72165169278742E-03
24.02         -9.79417529655621E-03
24.03         -1.27914169267751E-02
24.04         -1.09344577230513E-02
24.05         -6.19513583311346E-03
24.06         -1.25942158672842E-03
24.07         1.67817002133233E-03
24.08         1.70333845890127E-03
24.09         -7.81389794356073E-04
24.1          -4.67864732025191E-03
24.11         -9.01823778811377E-03
24.12         -1.34420555701945E-02
24.13         -1.80751402897295E-02
24.14         -2.29422449693084E-02
24.15         -2.74145289743319E-02
24.16         -3.01667631324381E-02
24.17         -2.97866301611066E-02
24.18         -2.57188638439402E-02
24.19         -1.89487771200947E-02
24.2          -1.19196107774042E-02
24.21         -7.59358710609376E-03
24.22         -8.06923126161564E-03
24.23         -0.013460653598886
24.24         -2.16549941478297E-02
24.25         -2.91321577085182E-02
24.26         -3.24867007602006E-02
24.27         -2.99250218784437E-02
24.28         -2.20182409998961E-02
24.29         -1.13666069309693E-02
24.3          -1.37623784918105E-03
24.31         5.22391731035896E-03
24.32         7.40587035601493E-03
24.33         5.96739991684444E-03
24.34         2.80413590575336E-03
24.35         -2.00595470960252E-04
24.36         -2.05377925201901E-03
24.37         -2.88346817542333E-03
24.38         -3.51313021819806E-03
24.39         -4.74103065876989E-03
24.4          -6.80714059795719E-03
24.41         -9.3471493787365E-03
24.42         -1.17843413818628E-02
24.43         -0.01382575854077
24.44         -1.56904949981254E-02
24.45         -1.79110779252369E-02
24.46         -2.08581282896921E-02
24.47         -2.43309655389749E-02
24.48         -2.75133537710644E-02
24.49         -2.93517434969544E-02
24.5          -2.91346039460041E-02
24.51         -0.026917209578678
24.52         -2.35275306995027E-02
24.53         -2.01444961759262E-02
24.54         -1.77000596781727E-02
24.55         -1.64561821776442E-02
24.56         -0.015988345539663
24.57         -1.55552164663095E-02
24.58         -1.46048075216822E-02
24.59         -1.31102900358383E-02
24.6          -1.15562097507063E-02
24.61         -1.06197381927632E-02
24.62         -0.010763732730411
24.63         -1.19833991036285E-02
24.64         -1.38298241829034E-02
24.65         -0.015658283920493
24.66         -1.69275716843549E-02
24.67         -1.73769313492812E-02
24.68         -1.70137530192733E-02
24.69         -0.015979153305525
24.7          -1.44279520888813E-02
24.71         -0.012517827762058
24.72         -1.04912901681382E-02
24.73         -8.74064807721879E-03
24.74         -7.74840527388733E-03
24.75         -7.89297710987739E-03
24.76         -9.22699423623271E-03
24.77         -1.13813540199772E-02
24.78         -1.36811530147679E-02
24.79         -1.54266953514889E-02
24.8          -1.61869373114314E-02
24.81         -1.59469148190692E-02
24.82         -1.50444884458557E-02
24.83         -1.39591127447784E-02
24.84         -1.30881254340056E-02
24.85         -0.012626694466453
24.86         -1.25787747069262E-02
24.87         -1.28409800736699E-02
24.88         -1.32751426880714E-02
24.89         -1.37287815555464E-02
24.9          -1.40271825576201E-02
24.91         -1.39903850702103E-02
24.92         -1.34980141092092E-02
24.93         -1.25661255349405E-02
24.94         -1.13694768631831E-02
24.95         -1.01724193431437E-02
24.96         -9.20130246144254E-03
24.97         -8.54215394938365E-03
24.98         -8.13345070579089E-03
24.99         -7.8538852755446E-03
25            -7.6347060513217E-03
