t	value
0.1	-0.0003928981085185026
0.2	-0.0010004704152841734
0.30000000000000004	-0.0014990120239219465
0.4	-0.0018984825907501532
0.5	-0.0017777912082223904
0.6	-0.001314850555433599
0.7	-0.0008816352695217238
0.7999999999999999	-0.0006822599117191769
0.8999999999999999	-0.0008672011865494087
0.9999999999999999	-0.0012470167426822294
1.0999999999999999	-0.0015449997621484802
1.2	-0.0016060897271206508
1.3	-0.0014020870839298717
1.4000000000000001	-0.0011159097343399619
1.5000000000000002	-0.0009436135163263924
1.6000000000000003	-0.0009686826353596769
1.7000000000000004	-0.0011506714776284349
1.8000000000000005	-0.0013321035760767317
1.9000000000000006	-0.0013972694239558602
2.0000000000000004	-0.0013166371223723285
2.1000000000000005	-0.0011740522039543238
2.2000000000000006	-0.0010825770402088553
2.3000000000000007	-0.001101551293187793
2.400000000000001	-0.001199330815388276
2.500000000000001	-0.0012943587443889147
2.600000000000001	-0.0013134648263387154
2.700000000000001	-0.001250398181803262
2.800000000000001	-0.0011609838191711894
2.9000000000000012	-0.0011205433147415185
3.0000000000000013	-0.0011608214312436734
3.1000000000000014	-0.0012523093317509057
3.2000000000000015	-0.0013243915280059994
3.3000000000000016	-0.0013225566721926047
3.4000000000000017	-0.0012479621998425677
3.5000000000000018	-0.0011550006690707647
3.600000000000002	-0.0011090761556246326
3.700000000000002	-0.0011440324947183304
3.800000000000002	-0.0012371031668958537
3.900000000000002	-0.0013235592980673026
4.000000000000002	-0.0013426068146086556
4.100000000000001	-0.0012823498313135446
4.200000000000001	-0.0011847581984624433
4.300000000000001	-0.001114076824612739
4.4	-0.0011136530325939076
4.5	-0.0011808953793924339
4.6	-0.0012696440795114338
4.699999999999999	-0.0013231181063682424
4.799999999999999	-0.001310009031988926
4.899999999999999	-0.001242847472530899
4.999999999999998	-0.001168948368925054
5.099999999999998	-0.0011362812238435228
5.1999999999999975	-0.0011612681251210613
5.299999999999997	-0.0012233014898926633
5.399999999999997	-0.0012825788955224027
5.4999999999999964	-0.0013052954999013622
5.599999999999996	-0.001283553548791539
5.699999999999996	-0.001238078112660418
5.799999999999995	-0.0012004382330202453
5.899999999999995	-0.0011912133271377477
5.999999999999995	-0.0012093476505881792
6.099999999999994	-0.001236583766259156
6.199999999999994	-0.0012510809965810112
6.299999999999994	-0.001242729378938868
6.399999999999993	-0.001217565283923667
6.499999999999993	-0.0011909217703367848
6.5999999999999925	-0.0011774076102995796
6.699999999999992	-0.0011806376982361412
6.799999999999992	-0.0011918645806241407
6.8999999999999915	-0.0011999631844102614
6.999999999999991	-0.0011999114766218441
7.099999999999991	-0.0011952145629914332
7.19999999999999	-0.0011933488134698261
7.29999999999999	-0.0012004371029641955
7.39999999999999	-0.001215941107887461
7.499999999999989	-0.0012334669027292409
7.599999999999989	-0.0012472300783193855
7.699999999999989	-0.001253735277814314
7.799999999999988	-0.0012546991433951564
7.899999999999988	-0.0012565424361912474
7.999999999999988	-0.0012632747680417398
8.099999999999987	-0.0012718775837713147
8.199999999999987	-0.0012769930605757108
8.299999999999986	-0.0012751843018691247
8.399999999999986	-0.0012642243317044573
8.499999999999986	-0.0012475019587126056
8.599999999999985	-0.0012329024944366335
8.699999999999985	-0.0012275221402197063
8.799999999999985	-0.0012305332664899569
8.899999999999984	-0.0012338868579707715
8.999999999999984	-0.0012311080093415547
9.099999999999984	-0.0012214642265213783
9.199999999999983	-0.0012083228819735538
9.299999999999983	-0.0011949958683233738
9.399999999999983	-0.001187969076549195
9.499999999999982	-0.0011926426490684637
9.599999999999982	-0.001203420885163466
9.699999999999982	-0.0012097839424941755
9.799999999999981	-0.0012085715810196468
9.89999999999998	-0.0012022371677924964
9.99999999999998	-0.0011922963157530654
10.09999999999998	-0.0011833593671640974
10.19999999999998	-0.0011829285718466427
10.29999999999998	-0.0011924930221182421
10.399999999999979	-0.0012048279731345344
10.499999999999979	-0.0012140664236415706
10.599999999999978	-0.0012193667571240678
10.699999999999978	-0.0012195438503732913
10.799999999999978	-0.001215003171242023
10.899999999999977	-0.0012104790572223978
10.999999999999977	-0.0012109079416017811
11.099999999999977	-0.0012154843952155985
11.199999999999976	-0.0012204602621247024
11.299999999999976	-0.001224912830297246
11.399999999999975	-0.001229177623647739
11.499999999999975	-0.0012321036562032632
11.599999999999975	-0.0012325238950301376
11.699999999999974	-0.001231877051215049
11.799999999999974	-0.0012323663788284364
11.899999999999974	-0.001234040873273503
11.999999999999973	-0.001235033170392525
12.099999999999973	-0.0012359410545658897
12.199999999999973	-0.0012395049078155142
12.299999999999972	-0.001245342395716695
12.399999999999972	-0.001250939206018059
12.499999999999972	-0.001254084525489205
12.599999999999971	-0.0012544682214846348
12.69999999999997	-0.0012538810272865928
12.79999999999997	-0.0012524313093039204
12.89999999999997	-0.0012495592643787736
12.99999999999997	-0.0012471133717223022
13.09999999999997	-0.0012482162045547019
13.199999999999969	-0.0012519961333785244
13.299999999999969	-0.0012540132119929976
13.399999999999968	-0.0012537692876952245
13.499999999999968	-0.0012529559166724413
13.599999999999968	-0.0012499436176553703
13.699999999999967	-0.0012426177398287969
13.799999999999967	-0.0012330499405179918
13.899999999999967	-0.0012236454716623756
13.999999999999966	-0.0012137236680620001
14.099999999999966	-0.0012024257759193316
14.199999999999966	-0.00119135023888554
14.299999999999965	-0.0011839223161584885
14.399999999999965	-0.0011789677258941737
14.499999999999964	-0.0011741493192257049
14.599999999999964	-0.0011715782719992284
14.699999999999964	-0.0011717773679889767
14.799999999999963	-0.0011721333937362896
14.899999999999963	-0.0011715269480024437
14.999999999999963	-0.0011722923220089546
15.099999999999962	-0.0011762143617200368
15.199999999999962	-0.0011823393488526344
15.299999999999962	-0.001190766275601788
15.399999999999961	-0.0012018060432623942
15.499999999999961	-0.0012136395242719584
15.59999999999996	-0.0012249723576217922
15.69999999999996	-0.001236438654983504
15.79999999999996	-0.0012476044656713325
15.89999999999996	-0.0012572220545532097
15.99999999999996	-0.0012656754246421213
16.09999999999996	-0.0012737317484306566
16.19999999999996	-0.0012805897329922827
16.29999999999996	-0.0012843894422104951
16.399999999999963	-0.0012841386303043766
16.499999999999964	-0.0012802804043412276
16.599999999999966	-0.001273937336923335
16.699999999999967	-0.0012655138532899997
16.79999999999997	-0.0012547834125175151
16.89999999999997	-0.0012420372233546823
16.99999999999997	-0.001228401609566198
17.099999999999973	-0.0012148504438352027
17.199999999999974	-0.001200482864849591
17.299999999999976	-0.0011851360376083531
17.399999999999977	-0.0011709077801643419
17.49999999999998	-0.0011597410773471666
17.59999999999998	-0.0011521220531500182
17.69999999999998	-0.0011478260704579418
17.799999999999983	-0.001147459752228359
17.899999999999984	-0.0011511679105493243
17.999999999999986	-0.0011573588983606847
18.099999999999987	-0.0011654674661141198
18.19999999999999	-0.001175885238935873
18.29999999999999	-0.0011878604372165522
18.39999999999999	-0.0012008203299189414
18.499999999999993	-0.0012147446402474044
18.599999999999994	-0.0012298810183365948
18.699999999999996	-0.0012457393320192836
18.799999999999997	-0.0012602887253286947
18.9	-0.0012725034781532825
19.0	-0.0012827595933314572
19.1	-0.0012908308485011283
19.200000000000003	-0.001296054722851541
19.300000000000004	-0.0012977438345062894
19.400000000000006	-0.001296897815935299
19.500000000000007	-0.0012949327219498523
19.60000000000001	-0.0012907852379112565
19.70000000000001	-0.0012833346782314963
19.80000000000001	-0.0012730687668129391
19.900000000000013	-0.0012608252491968374
20.000000000000014	-0.00124694504934316
20.100000000000016	-0.001231698761716982
20.200000000000017	-0.0012160290510624717
20.30000000000002	-0.0012016597833850863
20.40000000000002	-0.0011891901577856365
20.50000000000002	-0.0011787087093906889
20.600000000000023	-0.0011707512950050688
20.700000000000024	-0.0011651791951322163
20.800000000000026	-0.0011620476030006638
20.900000000000027	-0.0011607536625241179
21.00000000000003	-0.0011612012496264657
21.10000000000003	-0.0011642089933030994
21.20000000000003	-0.0011691068164223584
21.300000000000033	-0.0011755815391926389
21.400000000000034	-0.0011841926695944618
21.500000000000036	-0.0011951045356386148
21.600000000000037	-0.0012075029724796036
21.70000000000004	-0.0012204077305590865
21.80000000000004	-0.0012337129618363845
21.90000000000004	-0.0012467632761737554
22.000000000000043	-0.0012581500313245352
22.100000000000044	-0.0012672935716283328
22.200000000000045	-0.0012743315559896173
22.300000000000047	-0.0012786993324664354
22.40000000000005	-0.0012802198549155311
22.50000000000005	-0.0012797756263130977
22.60000000000005	-0.0012776179014991297
22.700000000000053	-0.0012734116128794498
22.800000000000054	-0.0012670541326714432
22.900000000000055	-0.0012591854602166425
23.000000000000057	-0.0012499767136400343
23.10000000000006	-0.0012389517754294863
23.20000000000006	-0.0012267585051212691
23.30000000000006	-0.0012144918845775844
23.400000000000063	-0.0012028429439463252
23.500000000000064	-0.0011923047494363556
23.600000000000065	-0.0011832664045892695
23.700000000000067	-0.0011761902672600625
23.800000000000068	-0.0011711973670426533
23.90000000000007	-0.0011682120477575996
24.00000000000007	-0.0011672078823429105
24.100000000000072	-0.0011682199701381882
24.200000000000074	-0.0011712650704015911
24.300000000000075	-0.001176225366284392
24.400000000000077	-0.0011831095222213735
24.500000000000078	-0.001191774633822836
24.60000000000008	-0.0012017558044697927
24.70000000000008	-0.0012125276831293128
24.800000000000082	-0.001223570536259681
24.900000000000084	-0.0012342865938768253
25.000000000000085	-0.0012440491787522054
