t	value
0.1	-0.0017440741880959004
0.2	-0.00463482829848697
0.30000000000000004	-0.003935887790984926
0.4	-0.0017568101724074008
0.5	-0.003245407395321488
0.6	-0.004844755539855066
0.7	-0.003135870186667623
0.7999999999999999	-0.002313451529978775
0.8999999999999999	-0.003853027391464186
0.9999999999999999	-0.0035080506700748363
1.0999999999999999	-0.0014658932347591277
1.2	-0.0015106185491512753
1.3	-0.002137871429419429
1.4000000000000001	-0.0004580436103460686
1.5000000000000002	0.0008330874472056945
1.6000000000000003	-0.0004350914860083244
1.7000000000000004	-0.0011054728307825301
1.8000000000000005	0.0005001034182272068
1.9000000000000006	0.0017148650114196047
2.0000000000000004	0.001563152799034881
2.1000000000000005	0.0013533799415389623
2.2000000000000006	0.00032753445955960704
2.3000000000000007	-0.002137782368536829
2.400000000000001	-0.0035725411026646743
2.500000000000001	-0.0029058736846089327
2.600000000000001	-0.00258344649250928
2.700000000000001	-0.0035131529693892653
2.800000000000001	-0.0039618325593452335
2.9000000000000012	-0.0038443536949891305
3.0000000000000013	-0.004402707960285934
3.1000000000000014	-0.0049091783140624975
3.2000000000000015	-0.004374652644412916
3.3000000000000016	-0.003918851700048929
3.4000000000000017	-0.00424108439912855
3.5000000000000018	-0.004210868991772738
3.600000000000002	-0.0034558805475920955
3.700000000000002	-0.0028119337174306903
3.800000000000002	-0.0022784956341540055
3.900000000000002	-0.0014851743220463468
4.000000000000002	-0.0011387289267977942
4.100000000000001	-0.0016954415089825456
4.200000000000001	-0.0020978559437893635
4.300000000000001	-0.001561138225242599
4.4	-0.0009582698741678758
4.5	-0.001318777142231308
4.6	-0.0024791006433287324
4.699999999999999	-0.003630092140037822
4.799999999999999	-0.0041962645623784284
4.899999999999999	-0.004236547086844518
4.999999999999998	-0.004394506605417051
5.099999999999998	-0.0052310232608004745
5.1999999999999975	-0.00652907272855601
5.299999999999997	-0.007706892192808143
5.399999999999997	-0.008751562073918077
5.4999999999999964	-0.009851930956030612
5.599999999999996	-0.010416547407710768
5.699999999999996	-0.00962727627599161
5.799999999999995	-0.00771431855402255
5.899999999999995	-0.005740229449381035
5.999999999999995	-0.004326561206745711
6.099999999999994	-0.003142278149212913
6.199999999999994	-0.0014525298275385975
6.299999999999994	0.0010541386146213662
6.399999999999993	0.0038224754577883243
6.499999999999993	0.0059277774294180475
6.5999999999999925	0.0070844955175473024
6.699999999999992	0.007656317550158486
6.799999999999992	0.0077234947791723334
6.8999999999999915	0.006879457467838643
6.999999999999991	0.0049576646009885745
7.099999999999991	0.002401224156098604
7.19999999999999	-0.00029280798781283784
7.29999999999999	-0.0032164414284849693
7.39999999999999	-0.006797148390624214
7.499999999999989	-0.010927348498363194
7.599999999999989	-0.014694336535038051
7.699999999999989	-0.017234980373338593
7.799999999999988	-0.018533068242287454
7.899999999999988	-0.019100824599753395
7.999999999999988	-0.01919260944311327
8.099999999999987	-0.018475498361257975
8.199999999999987	-0.016391456885522036
8.299999999999986	-0.012915180188436556
8.399999999999986	-0.008842859097814241
8.499999999999986	-0.005160455593178445
8.599999999999985	-0.0022296861628919983
8.699999999999985	0.00039295691503063554
8.799999999999985	0.0032586479938400267
8.899999999999984	0.0061147341192944364
8.999999999999984	0.008077371407082028
9.099999999999984	0.00863470715590112
9.199999999999983	0.007928269954590918
9.299999999999983	0.006269704626211976
9.399999999999983	0.004147002678752452
9.499999999999982	0.00240553806836753
9.599999999999982	0.0015042128934432389
9.699999999999982	0.0008555883078788792
9.799999999999981	-0.0004928527404274782
9.89999999999998	-0.002772359084313546
9.99999999999998	-0.005289322308632142
10.09999999999998	-0.007133119360746414
10.19999999999998	-0.007985416699878234
10.29999999999998	-0.008220792211066984
10.399999999999979	-0.008302646095888046
10.499999999999979	-0.008184155315800263
10.599999999999978	-0.007461344406552334
10.699999999999978	-0.006109130115437379
10.799999999999978	-0.004650506878847565
10.899999999999977	-0.0034648861534528437
10.999999999999977	-0.0022885390068710498
11.099999999999977	-0.0006723675735029651
11.199999999999976	0.0012462559227488237
11.299999999999976	0.0028274915871162477
11.399999999999975	0.0036756368426938252
11.499999999999975	0.003886237513163502
11.599999999999975	0.003645987041986485
11.699999999999974	0.003007972264698597
11.799999999999974	0.0020657280788054996
11.899999999999974	0.0008791910241828975
11.999999999999973	-0.0008686796006163212
12.099999999999973	-0.0035606941398917498
12.199999999999973	-0.0068353572894850785
12.299999999999972	-0.009640800500582577
12.399999999999972	-0.011358531314650984
12.499999999999972	-0.012567240093141458
12.599999999999971	-0.014188276182379785
12.69999999999997	-0.01605094660957972
12.79999999999997	-0.01714736841910703
12.89999999999997	-0.017122800089922882
12.99999999999997	-0.016615748442031904
13.09999999999997	-0.016222513349121646
13.199999999999969	-0.015831448189245423
13.299999999999969	-0.015021027138626596
13.399999999999968	-0.013508342287484263
13.499999999999968	-0.011140774852881024
13.599999999999968	-0.007953085718590462
13.699999999999967	-0.004308355856150666
13.799999999999967	-0.0007364330894697264
13.899999999999967	0.002488557596863119
13.999999999999966	0.005543312355359022
14.099999999999966	0.008655811077142955
14.199999999999966	0.011640063571003332
14.299999999999965	0.013944499009013544
14.399999999999965	0.01492247049131376
14.499999999999964	0.01432260894408114
14.599999999999964	0.01273233458249734
14.699999999999964	0.011020727047713542
14.799999999999963	0.00936215991521512
14.899999999999963	0.007156430565898853
14.999999999999963	0.0038714067303201242
15.099999999999962	-0.00013809607601555357
15.199999999999962	-0.003885016584974901
15.299999999999962	-0.006805918849832355
15.399999999999961	-0.00927966979428884
15.499999999999961	-0.012012286095381923
15.59999999999996	-0.015008283074273113
15.69999999999996	-0.017504859515134506
15.79999999999996	-0.018947491097187807
15.89999999999996	-0.019494854449666917
15.99999999999996	-0.019457426427178313
16.09999999999996	-0.01866027649231115
16.19999999999996	-0.01666377788525423
16.29999999999996	-0.013558783145014738
16.399999999999963	-0.010118104362286714
16.499999999999964	-0.006935600483662342
16.599999999999966	-0.0037999941830967796
16.699999999999967	-0.00024106932210405356
16.79999999999997	0.003629162165939076
16.89999999999997	0.007266009441997329
16.99999999999997	0.010509284830784863
17.099999999999973	0.013613198951123225
17.199999999999974	0.016303688267546402
17.299999999999976	0.017511777437532187
17.399999999999977	0.016526065267103242
17.49999999999998	0.013995403895205991
17.59999999999998	0.0112892175944447
17.69999999999998	0.008962118295823362
17.799999999999983	0.006315747826406406
17.899999999999984	0.002513901666047714
17.999999999999986	-0.0023265126338305178
18.099999999999987	-0.007286673063478196
18.19999999999999	-0.01163870376813653
18.29999999999999	-0.01536650646037921
18.39999999999999	-0.018626533810385183
18.499999999999993	-0.02114238594301071
18.599999999999994	-0.02239302645674836
18.699999999999996	-0.022238810285542657
18.799999999999997	-0.021161380456827437
18.9	-0.01967377581788283
19.0	-0.017715609982172514
19.1	-0.014984977241213861
19.200000000000003	-0.011629759386853447
19.300000000000004	-0.008229885456818735
19.400000000000006	-0.005024001506782714
19.500000000000007	-0.0015962684181720754
19.60000000000001	0.0022645311110567547
19.70000000000001	0.00587231477178957
19.80000000000001	0.00826915521628853
19.900000000000013	0.009308552579408784
20.000000000000014	0.009741002761872682
20.100000000000016	0.01012306574766898
20.200000000000017	0.010079390735015431
20.30000000000002	0.008949014915340331
20.40000000000002	0.006715560009633437
20.50000000000002	0.003979206658330746
20.600000000000023	0.0012000568750661917
20.700000000000024	-0.001710626537711293
20.800000000000026	-0.004917353150427033
20.900000000000027	-0.008141742212033249
21.00000000000003	-0.010827110275229014
21.10000000000003	-0.012653269457277483
21.20000000000003	-0.013788291373707434
21.300000000000033	-0.01450065494259907
21.400000000000034	-0.014723264254559873
21.500000000000036	-0.014283808310732612
21.600000000000037	-0.013300664477279173
21.70000000000004	-0.012092454045723736
21.80000000000004	-0.010739702851097824
21.90000000000004	-0.008956012769892887
22.000000000000043	-0.0065414665824232695
22.100000000000044	-0.0037606527558124332
22.200000000000045	-0.0011468849150066316
22.300000000000047	0.0009683856891410595
22.40000000000005	0.002675976806940925
22.50000000000005	0.004189341517395732
22.60000000000005	0.005428209805046305
22.700000000000053	0.006097073158678551
22.800000000000054	0.006094982115195544
22.900000000000055	0.0056530527912733814
23.000000000000057	0.005002522304651118
23.10000000000006	0.004035487833855414
23.20000000000006	0.002501918187699765
23.30000000000006	0.0004594168530288523
23.400000000000063	-0.0016737797380648805
23.500000000000064	-0.0035203338510252052
23.600000000000065	-0.00509057669590989
23.700000000000067	-0.006609203691566666
23.800000000000068	-0.008097172598096069
23.90000000000007	-0.00931206313922557
24.00000000000007	-0.010036452266230528
24.100000000000072	-0.01027879962163235
24.200000000000074	-0.010166331319363106
24.300000000000075	-0.009741575824182724
24.400000000000077	-0.008969306182314936
24.500000000000078	-0.007891905542319588
24.60000000000008	-0.006646844806955689
24.70000000000008	-0.005312553900343797
24.800000000000082	-0.003852592360098517
24.900000000000084	-0.0022756938047310197
25.000000000000085	-0.0007651679157125921
