t	value
0.1	5.292121414451849e-05
0.2	0.00021720282399294644
0.30000000000000004	0.00033932106600712025
0.4	0.00036350801987629144
0.5	0.0005825231171181229
0.6	0.0006766146109666436
0.7	-0.0001227587483042237
0.7999999999999999	-0.001183230674790503
0.8999999999999999	-0.0016571148395171423
0.9999999999999999	-0.0023504234952801935
1.0999999999999999	-0.0033772837493435334
1.2	-0.004060086159412062
1.3	-0.003932906937640685
1.4000000000000001	-0.0021844730753367383
1.5000000000000002	0.0006424363861159425
1.6000000000000003	0.0021996248678453553
1.7000000000000004	0.00035917607400990677
1.8000000000000005	-0.002498819900727361
1.9000000000000006	-0.002746495149847194
2.0000000000000004	-0.0019620912505012122
2.1000000000000005	-0.0012551053837891527
2.2000000000000006	0.0005837978302686063
2.3000000000000007	0.0028336215953417097
2.400000000000001	0.004138446055350964
2.500000000000001	0.002763939592535231
2.600000000000001	-0.0014497006380670633
2.700000000000001	-0.005297774901120133
2.800000000000001	-0.006458375118410231
2.9000000000000012	-0.005674676661750681
3.0000000000000013	-0.004451084472475986
3.1000000000000014	-0.0018910542310760306
3.2000000000000015	0.0025391244148741275
3.3000000000000016	0.005477535108337038
3.4000000000000017	0.005497452935079097
3.5000000000000018	0.004164864853481335
3.600000000000002	0.0013062686064508576
3.700000000000002	-0.0025625710528031777
3.800000000000002	-0.005457229945630375
3.900000000000002	-0.00628030504963469
4.000000000000002	-0.004731507990586578
4.100000000000001	-0.0020779716878093937
4.200000000000001	0.0005390817654720912
4.300000000000001	0.0036292188340773693
4.4	0.00667669570110491
4.5	0.007845132972822922
4.6	0.00555737997579156
4.699999999999999	0.0014985900796934024
4.799999999999999	-0.0009706775580070796
4.899999999999999	-0.0026823477953771078
4.999999999999998	-0.004585947658713858
5.099999999999998	-0.0040771944292241355
5.1999999999999975	0.0002211002325965941
5.299999999999997	0.006644991386301274
5.399999999999997	0.011518614002505867
5.4999999999999964	0.011236258137926435
5.599999999999996	0.006059938714486467
5.699999999999996	-0.0008669461374730387
5.799999999999995	-0.007550214718760686
5.899999999999995	-0.012996739532935033
5.999999999999995	-0.015387899563646659
6.099999999999994	-0.013227800596970348
6.199999999999994	-0.007568091265352393
6.299999999999994	-0.0009256071536127892
6.399999999999993	0.004468500018700364
6.499999999999993	0.00678142832163623
6.5999999999999925	0.006655596644049803
6.699999999999992	0.005974567985198249
6.799999999999992	0.004432326838241373
6.8999999999999915	0.0019511839224811284
6.999999999999991	-0.00026308943940119565
7.099999999999991	-0.0009504499540509876
7.19999999999999	0.0007113173253590721
7.29999999999999	0.004144804542918167
7.39999999999999	0.007323174448890858
7.499999999999989	0.008306339591891101
7.599999999999989	0.0077984533193918995
7.699999999999989	0.006158690999259578
7.799999999999988	0.001934052502305014
7.899999999999988	-0.0034979047776548334
7.999999999999988	-0.00720554067113635
8.099999999999987	-0.009083580570168557
8.199999999999987	-0.009644858493021151
8.299999999999986	-0.007666509399586005
8.399999999999986	-0.002915126983911659
8.499999999999986	0.0034129381257123562
8.599999999999985	0.00845357208743762
8.699999999999985	0.010059111094213466
8.799999999999985	0.009766477090874864
8.899999999999984	0.008287695823866332
8.999999999999984	0.004566631633038513
9.099999999999984	0.0002185682457501867
9.199999999999983	-0.00119052335600034
9.299999999999983	-0.0008150453852219372
9.399999999999983	-0.002746987113785457
9.499999999999982	-0.005735323217414383
9.599999999999982	-0.006715509011656366
9.699999999999982	-0.006352372361135614
9.799999999999981	-0.0052841158577311195
9.89999999999998	-0.0026922683416112305
9.99999999999998	0.001129317310087875
10.09999999999998	0.004649461009620812
10.19999999999998	0.005888347861680546
10.29999999999998	0.004089846423385637
10.399999999999979	-0.00021395031401726683
10.499999999999979	-0.0055458719429409475
10.599999999999978	-0.009061535013736209
10.699999999999978	-0.00947699159340531
10.799999999999978	-0.007704237861098233
10.899999999999977	-0.004858071561727955
10.999999999999977	-0.0013318726247883621
11.099999999999977	0.00281132176124649
11.199999999999976	0.005866279281302409
11.299999999999976	0.005936881329890814
11.399999999999975	0.004016011863339286
11.499999999999975	0.0023179565354491906
11.599999999999975	0.0009269810289328039
11.699999999999974	-0.0014913862676193804
11.799999999999974	-0.0037651413672222973
11.899999999999974	-0.0021585927046120636
11.999999999999973	0.0032398311041669484
12.099999999999973	0.007668609108684134
12.199999999999973	0.008707576920872779
12.299999999999972	0.007932185090344405
12.399999999999972	0.007663557524064816
12.499999999999972	0.006874862399303877
12.599999999999971	0.0023349083999043797
12.69999999999997	-0.003075640103657099
12.79999999999997	-0.0034205368433529327
12.89999999999997	0.00065237389827794
12.99999999999997	0.004368919928075665
13.09999999999997	0.006548947972198072
13.199999999999969	0.009637361232372096
13.299999999999969	0.012442070083418138
13.399999999999968	0.010446125842696274
13.499999999999968	0.003283581581132575
13.599999999999968	-0.004960408095956858
13.699999999999967	-0.010761330383595369
13.799999999999967	-0.013588133498393438
13.899999999999967	-0.01448985427843831
13.999999999999966	-0.012673027814980238
14.099999999999966	-0.007111036405560702
14.199999999999966	-0.00043408268962804854
14.299999999999965	0.005442539705258114
14.399999999999965	0.009630354364529269
14.499999999999964	0.009558789557187057
14.599999999999964	0.005915418630031806
14.699999999999964	0.0009351558490005445
14.799999999999963	-0.004588734546579651
14.899999999999963	-0.00914356503459362
14.999999999999963	-0.011583391782014998
15.099999999999962	-0.010909159552674182
15.199999999999962	-0.006804992530306218
15.299999999999962	-0.000682397476277457
15.399999999999961	0.005826590609259824
15.499999999999961	0.010557930454544525
15.59999999999996	0.012337524290506153
15.69999999999996	0.012205414078634872
15.79999999999996	0.010186964410043235
15.89999999999996	0.005461528323184342
15.99999999999996	-0.0011834311461755105
16.09999999999996	-0.0077014450244053505
16.19999999999996	-0.011393834334575175
16.29999999999996	-0.010829402228021149
16.399999999999963	-0.0073255340968431705
16.499999999999964	-0.002681826390480627
16.599999999999966	0.0025966297863122016
16.699999999999967	0.007493082777289222
16.79999999999997	0.009104911304623478
16.89999999999997	0.004907477622186149
16.99999999999997	-0.0036193169518343015
17.099999999999973	-0.010919451465917142
17.199999999999974	-0.013294408262686257
17.299999999999976	-0.01173936016191263
17.399999999999977	-0.007911635194353742
17.49999999999998	-0.0020634353484618646
17.59999999999998	0.005224181805072539
17.69999999999998	0.010908272122274364
17.799999999999983	0.011660932572040362
17.899999999999984	0.008282629192201098
17.999999999999986	0.0037235764008403246
18.099999999999987	-0.00014291599570426456
18.19999999999999	-0.002794386948488951
18.29999999999999	-0.004828708051000193
18.39999999999999	-0.005487497320811707
18.499999999999993	-0.003767067068892843
18.599999999999994	-0.0007623197149101076
18.699999999999996	0.0025810149599263957
18.799999999999997	0.005247537570021463
18.9	0.006285087331764737
19.0	0.006377186491220431
19.1	0.005896433368579913
19.200000000000003	0.004820529164425419
19.300000000000004	0.0026228491773077596
19.400000000000006	-0.0009914940421147432
19.500000000000007	-0.003635476450915771
19.60000000000001	-0.0038418313390596163
19.70000000000001	-0.0028323858934536077
19.80000000000001	-0.0015861853576506304
19.900000000000013	-0.00030300029735540375
20.000000000000014	0.0016722233553322003
20.100000000000016	0.004048271095323135
20.200000000000017	0.004497521276912516
20.30000000000002	0.002820506166920123
20.40000000000002	0.0010041542781364517
20.50000000000002	3.104414323209843e-06
20.600000000000023	-0.00035132269915851537
20.700000000000024	-0.0012112954652559699
20.800000000000026	-0.002178274067779166
20.900000000000027	-0.0019784448488956506
21.00000000000003	-0.0013517081263629742
21.10000000000003	-0.0007021683827657151
21.20000000000003	-0.0002732878579768394
21.300000000000033	-0.00015882075868997735
21.400000000000034	0.0007572403137737391
21.500000000000036	0.002289425782019567
21.600000000000037	0.0033734988678684186
21.70000000000004	0.0035114332897122286
21.80000000000004	0.0027491433452553147
21.90000000000004	0.0017064801829560917
22.000000000000043	0.00027663994683582455
22.100000000000044	-0.0016901849698329927
22.200000000000045	-0.00302523125783267
22.300000000000047	-0.003021921696455837
22.40000000000005	-0.001945067788412556
22.50000000000005	-0.00017644643967177002
22.60000000000005	0.001456205347065587
22.700000000000053	0.002407822095278104
22.800000000000054	0.002430617153480346
22.900000000000055	0.0014576585988964605
23.000000000000057	0.00018789484842079103
23.10000000000006	-0.0009945264336565392
23.20000000000006	-0.0019358930831904304
23.30000000000006	-0.002363807076628689
23.400000000000063	-0.0023524428899674875
23.500000000000064	-0.0017755568875443503
23.600000000000065	-0.0008248050286467671
23.700000000000067	2.2922147711242047e-05
23.800000000000068	0.0008043986169572904
23.90000000000007	0.0014549988673231242
24.00000000000007	0.001674545982452307
24.100000000000072	0.00131702915772484
24.200000000000074	0.0004979398305436794
24.300000000000075	-0.0003761425186719692
24.400000000000077	-0.0008955856159352629
24.500000000000078	-0.0009706008259770984
24.60000000000008	-0.0007802039172876907
24.70000000000008	-0.000400401756839552
24.800000000000082	0.00022485567866214735
24.900000000000084	0.000940986517358913
25.000000000000085	0.0013755210877528015
