0.000000 0.295200
0.020101 0.279441
0.040201 0.263681
0.060302 0.247922
0.080402 0.232162
0.100503 0.216403
0.120603 0.200643
0.140704 0.184884
0.160804 0.175349
0.180905 0.175349
0.201005 0.175349
0.221106 0.175349
0.241206 0.175349
0.261307 0.175349
0.281407 0.175349
0.301508 0.175349
0.321608 0.175349
0.341709 0.175349
0.361809 0.175349
0.381910 0.175349
0.402010 0.175349
0.422111 0.175349
0.442211 0.175349
0.462312 0.173939
0.482412 0.166692
0.502513 0.160024
0.522613 0.153869
0.542714 0.148170
0.562814 0.142878
0.582915 0.137952
0.603015 0.133353
0.623116 0.129052
0.643216 0.125019
0.663317 0.121230
0.683417 0.117665
0.703518 0.114303
0.723618 0.111128
0.743719 0.108124
0.763819 0.105279
0.783920 0.102579
0.804020 0.100015
0.824121 0.097576
0.844221 0.095252
0.864322 0.093037
0.884422 0.090923
0.904523 0.088902
0.924623 0.086969
0.944724 0.085119
0.964824 0.083346
0.984925 0.081645
1.005025 0.080012
1.025126 0.078443
1.045226 0.076935
1.065327 0.075483
1.085427 0.074085
1.105528 0.072738
1.125628 0.071439
1.145729 0.070186
1.165829 0.068976
1.185930 0.067807
1.206030 0.066677
1.226131 0.065584
1.246231 0.064526
1.266332 0.063502
1.286432 0.062509
1.306533 0.061548
1.326633 0.060615
1.346734 0.059710
1.366834 0.058832
1.386935 0.057980
1.407035 0.057151
1.427136 0.056346
1.447236 0.055564
1.467337 0.054803
1.487437 0.054062
1.507538 0.053341
1.527638 0.052639
1.547739 0.051956
1.567839 0.051290
1.587940 0.050640
1.608040 0.050007
1.628141 0.049390
1.648241 0.048788
1.668342 0.048200
1.688442 0.047626
1.708543 0.047066
1.728643 0.046519
1.748744 0.045984
1.768844 0.045461
1.788945 0.044951
1.809045 0.044451
1.829146 0.043963
1.849246 0.043485
1.869347 0.043017
1.889447 0.042560
1.909548 0.042112
1.929648 0.041673
1.949749 0.041243
1.969849 0.040822
1.989950 0.040410
2.010050 0.040006
2.030151 0.039610
2.050251 0.039222
2.070352 0.038841
2.090452 0.038467
2.110553 0.038101
2.130653 0.037741
2.150754 0.037389
2.170854 0.037043
2.190955 0.036703
2.211055 0.036369
2.231156 0.036041
2.251256 0.035720
2.271357 0.035404
2.291457 0.035093
2.311558 0.034788
2.331658 0.034488
2.351759 0.034193
2.371859 0.033903
2.391960 0.033618
2.412060 0.033338
2.432161 0.033063
2.452261 0.032792
2.472362 0.032525
2.492462 0.032263
2.512563 0.032005
2.532663 0.031751
2.552764 0.031501
2.572864 0.031255
2.592965 0.031012
2.613065 0.030774
2.633166 0.030386
2.653266 0.029928
2.673367 0.029479
2.693467 0.029041
2.713568 0.028612
2.733668 0.028193
2.753769 0.027783
2.773869 0.027382
2.793970 0.026989
2.814070 0.026605
2.834171 0.026229
2.854271 0.025861
2.874372 0.025500
2.894472 0.025147
2.914573 0.024802
2.934673 0.024463
2.954774 0.024132
2.974874 0.023807
2.994975 0.023488
3.015075 0.023176
3.035176 0.022870
3.055276 0.022570
3.075377 0.022276
3.095477 0.021988
3.115578 0.021705
3.135678 0.021427
3.155779 0.021155
3.175879 0.020888
3.195980 0.020626
3.216080 0.020369
3.236181 0.020117
3.256281 0.019870
3.276382 0.019627
3.296482 0.019388
3.316583 0.019154
3.336683 0.018924
3.356784 0.018698
3.376884 0.018476
3.396985 0.018258
3.417085 0.018044
3.437186 0.017833
3.457286 0.017626
3.477387 0.017423
3.497487 0.017223
3.517588 0.017027
3.537688 0.016834
3.557789 0.016645
3.577889 0.016458
3.597990 0.016275
3.618090 0.016094
3.638191 0.015917
3.658291 0.015743
3.678392 0.015571
3.698492 0.015402
3.718593 0.015236
3.738693 0.015073
3.758794 0.014912
3.778894 0.014754
3.798995 0.014598
3.819095 0.014445
3.839196 0.014294
3.859296 0.014145
3.879397 0.013999
3.899497 0.013855
3.919598 0.013714
3.939698 0.013574
3.959799 0.013437
3.979899 0.013301
4.000000 0.013168
